6	chr2L	189706	190824	NA	em_common_peak-7	6	chr2L	189706	190824	3	em_common_peak-7	1.829301	38	39
5	chr2L	183748	184505	NA	em_common_peak-6	6	chr2L	189706	190824	3	em_common_peak-7	1.829301	38	39
25	chr2L	703677	704144	NA	em_common_peak-26	339	chr2L	7810104	7810476	2	em_common_peak-340	0.009662	141	1563
28	chr2L	821796	822192	NA	em_common_peak-29	29	chr2L	826323	826789	2	em_common_peak-30	1.075054	165	166
33	chr2L	871356	872171	NA	em_common_peak-34	39	chr2L	950451	951182	2	em_common_peak-40	0.015145	175	191
33	chr2L	871356	872171	NA	em_common_peak-34	38	chr2L	949549	949854	4	em_common_peak-39	0.015145	175	191
33	chr2L	871356	872171	NA	em_common_peak-34	108	chr2L	2752195	2752619	2	em_common_peak-109	0.40262	175	551
33	chr2L	871356	872171	NA	em_common_peak-34	109	chr2L	2752801	2753762	2	em_common_peak-110	0.40262	175	551
34	chr2L	872738	874006	NA	em_common_peak-35	39	chr2L	950451	951182	2	em_common_peak-40	0.015145	175	191
34	chr2L	872738	874006	NA	em_common_peak-35	38	chr2L	949549	949854	4	em_common_peak-39	0.015145	175	191
34	chr2L	872738	874006	NA	em_common_peak-35	108	chr2L	2752195	2752619	2	em_common_peak-109	0.40262	175	551
34	chr2L	872738	874006	NA	em_common_peak-35	109	chr2L	2752801	2753762	2	em_common_peak-110	0.40262	175	551
39	chr2L	950451	951182	NA	em_common_peak-40	438	chr2L	9929058	9929465	2	em_common_peak-439	0.449314	190	1986
38	chr2L	949549	949854	NA	em_common_peak-39	438	chr2L	9929058	9929465	2	em_common_peak-439	0.449314	190	1986
39	chr2L	950451	951182	NA	em_common_peak-40	40	chr2L	955725	955966	2	em_common_peak-41	0.038138	191	192
38	chr2L	949549	949854	NA	em_common_peak-39	40	chr2L	955725	955966	2	em_common_peak-41	0.038138	191	192
40	chr2L	955725	955966	NA	em_common_peak-41	42	chr2L	1012506	1012830	2	em_common_peak-43	1.583959	192	203
42	chr2L	1012506	1012830	NA	em_common_peak-43	52	chr2L	1200733	1201123	2	em_common_peak-53	1.330013	203	241
53	chr2L	1213788	1214113	NA	em_common_peak-54	563	chr2L	12475423	12475961	2	em_common_peak-564	3.333996	243	2496
54	chr2L	1214730	1215103	NA	em_common_peak-55	563	chr2L	12475423	12475961	2	em_common_peak-564	3.333996	243	2496
65	chr2L	1619470	1619934	NA	em_common_peak-66	67	chr2L	1625167	1625674	1	em_common_peak-68	8.416324	324	325
65	chr2L	1619470	1619934	NA	em_common_peak-66	66	chr2L	1624069	1624421	2	em_common_peak-67	8.416324	324	325
65	chr2L	1619470	1619934	NA	em_common_peak-66	65	chr2L	1619470	1619934	4	em_common_peak-66	8.416324	324	325
67	chr2L	1625167	1625674	NA	em_common_peak-68	77	chr2L	1694550	1695089	2	em_common_peak-78	0.142075	325	339
66	chr2L	1624069	1624421	NA	em_common_peak-67	77	chr2L	1694550	1695089	2	em_common_peak-78	0.142075	325	339
65	chr2L	1619470	1619934	NA	em_common_peak-66	77	chr2L	1694550	1695089	2	em_common_peak-78	0.142075	325	339
67	chr2L	1625167	1625674	NA	em_common_peak-68	801	chr2L	16876670	16877101	2	em_common_peak-802	8.957654	326	3376
68	chr2L	1629042	1629517	NA	em_common_peak-69	801	chr2L	16876670	16877101	2	em_common_peak-802	8.957654	326	3376
79	chr2L	1702892	1703362	NA	em_common_peak-80	722	chr2L	15253459	15253726	2	em_common_peak-723	0.024054	341	3051
81	chr2L	1725220	1725872	NA	em_common_peak-82	81	chr2L	1725220	1725872	2	em_common_peak-82	0.028567	345	346
81	chr2L	1725220	1725872	NA	em_common_peak-82	82	chr2L	1729779	1730219	2	em_common_peak-83	0.028567	345	346
80	chr2L	1723812	1724320	NA	em_common_peak-81	81	chr2L	1725220	1725872	2	em_common_peak-82	0.028567	345	346
80	chr2L	1723812	1724320	NA	em_common_peak-81	82	chr2L	1729779	1730219	2	em_common_peak-83	0.028567	345	346
96	chr2L	2364454	2364891	NA	em_common_peak-97	97	chr2L	2368847	2369309	2	em_common_peak-98	0.373371	473	474
96	chr2L	2364454	2364891	NA	em_common_peak-97	96	chr2L	2364454	2364891	4	em_common_peak-97	0.373371	473	474
96	chr2L	2364454	2364891	NA	em_common_peak-97	165	chr2L	3914827	3915235	2	em_common_peak-166	0.469554	473	783
116	chr2L	2829967	2830414	NA	em_common_peak-117	217	chr2L	4800347	4800811	1	em_common_peak-218	0.017338	567	960
116	chr2L	2829967	2830414	NA	em_common_peak-117	214	chr2L	4796088	4796581	2	em_common_peak-215	0.017338	567	960
116	chr2L	2829967	2830414	NA	em_common_peak-117	215	chr2L	4797155	4797759	2	em_common_peak-216	0.017338	567	960
116	chr2L	2829967	2830414	NA	em_common_peak-117	216	chr2L	4799424	4799832	2	em_common_peak-217	0.017338	567	960
128	chr2L	3028372	3028796	NA	em_common_peak-129	982	chr2L	20891425	20891707	2	em_common_peak-983	9.229037	606	4179
194	chr2L	4295054	4295394	NA	em_common_peak-195	505	chr2L	11255498	11255929	2	em_common_peak-506	2.252999	860	2252
199	chr2L	4373650	4374111	NA	em_common_peak-200	358	chr2L	8038324	8038637	2	em_common_peak-359	0.546677	875	1608
201	chr2L	4435302	4435586	NA	em_common_peak-202	203	chr2L	4440990	4441358	2	em_common_peak-204	0.622526	888	889
202	chr2L	4436568	4436890	NA	em_common_peak-203	203	chr2L	4440990	4441358	2	em_common_peak-204	0.622526	888	889
203	chr2L	4440990	4441358	NA	em_common_peak-204	667	chr2L	14290509	14290931	2	em_common_peak-668	1.080751	889	2859
206	chr2L	4586050	4586437	NA	em_common_peak-207	213	chr2L	4791872	4792309	2	em_common_peak-214	0.002991	918	959
207	chr2L	4594795	4595111	NA	em_common_peak-208	209	chr2L	4607408	4607673	2	em_common_peak-210	1.281043	919	922
207	chr2L	4594795	4595111	NA	em_common_peak-208	210	chr2L	4607743	4607992	2	em_common_peak-211	1.281043	919	922
227	chr2L	5035381	5036102	NA	em_common_peak-228	230	chr2L	5044641	5045094	2	em_common_peak-231	0.036164	1007	1009
226	chr2L	5033187	5033637	NA	em_common_peak-227	230	chr2L	5044641	5045094	2	em_common_peak-231	0.036164	1007	1009
230	chr2L	5044641	5045094	NA	em_common_peak-231	368	chr2L	8343469	8343826	2	em_common_peak-369	0.788922	1010	1669
234	chr2L	5093355	5093601	NA	em_common_peak-235	874	chr2L	18721648	18722242	2	em_common_peak-875	0.034303	1019	3745
241	chr2L	5261511	5261778	NA	em_common_peak-242	266	chr2L	6123974	6124273	2	em_common_peak-267	0.680517	1053	1225
242	chr2L	5325494	5325977	NA	em_common_peak-243	457	chr2L	10148290	10148749	2	em_common_peak-458	0.908849	1066	2030
243	chr2L	5326028	5326523	NA	em_common_peak-244	457	chr2L	10148290	10148749	2	em_common_peak-458	0.908849	1066	2030
251	chr2L	5485822	5486198	NA	em_common_peak-252	368	chr2L	8343469	8343826	2	em_common_peak-369	2.35529	1098	1669
252	chr2L	5489791	5490526	NA	em_common_peak-253	368	chr2L	8343469	8343826	2	em_common_peak-369	2.35529	1098	1669
262	chr2L	5957189	5957624	NA	em_common_peak-263	269	chr2L	6179042	6179410	2	em_common_peak-270	0.927293	1192	1236
263	chr2L	5979893	5980221	NA	em_common_peak-264	263	chr2L	5979893	5980221	3	em_common_peak-264	0.461193	1196	1197
265	chr2L	6095279	6095468	NA	em_common_peak-266	293	chr2L	6786554	6787039	2	em_common_peak-294	2.030141	1219	1358
264	chr2L	6094363	6094891	NA	em_common_peak-265	293	chr2L	6786554	6787039	2	em_common_peak-294	2.030141	1219	1358
294	chr2L	6806218	6806588	NA	em_common_peak-295	295	chr2L	6823665	6824096	2	em_common_peak-296	2.986361	1362	1365
299	chr2L	6926958	6927323	NA	em_common_peak-300	306	chr2L	7101351	7101978	2	em_common_peak-307	4.125111	1386	1421
300	chr2L	6927703	6928070	NA	em_common_peak-301	306	chr2L	7101351	7101978	2	em_common_peak-307	4.125111	1386	1421
302	chr2L	7026384	7026864	NA	em_common_peak-303	569	chr2L	12523271	12523626	2	em_common_peak-570	4.286114	1406	2505
302	chr2L	7026384	7026864	NA	em_common_peak-303	568	chr2L	12519182	12519561	4	em_common_peak-569	4.286114	1406	2505
304	chr2L	7035026	7035308	NA	em_common_peak-305	694	chr2L	14723948	14724203	2	em_common_peak-695	0.351307	1407	2945
303	chr2L	7033878	7034417	NA	em_common_peak-304	694	chr2L	14723948	14724203	2	em_common_peak-695	0.351307	1407	2945
328	chr2L	7469449	7469808	NA	em_common_peak-329	331	chr2L	7510512	7511003	2	em_common_peak-332	1.389553	1494	1503
337	chr2L	7576346	7576779	NA	em_common_peak-338	774	chr2L	16479489	16479872	2	em_common_peak-775	0.2825	1516	3296
339	chr2L	7810104	7810476	NA	em_common_peak-340	791	chr2L	16715857	16716252	2	em_common_peak-792	0.016907	1563	3344
341	chr2L	7832298	7833041	NA	em_common_peak-342	342	chr2L	7837511	7837907	2	em_common_peak-343	3.762106	1567	1568
343	chr2L	7893257	7893651	NA	em_common_peak-344	974	chr2L	20698258	20698716	2	em_common_peak-975	1.375499	1579	4140
352	chr2L	7952190	7952658	NA	em_common_peak-353	357	chr2L	8031914	8032510	2	em_common_peak-358	0.022087	1591	1607
354	chr2L	7966762	7967135	NA	em_common_peak-355	356	chr2L	7971529	7971993	2	em_common_peak-357	0.5205	1594	1595
354	chr2L	7966762	7967135	NA	em_common_peak-355	355	chr2L	7969378	7969743	4	em_common_peak-356	0.5205	1594	1595
355	chr2L	7969378	7969743	NA	em_common_peak-356	356	chr2L	7971529	7971993	2	em_common_peak-357	0.5205	1594	1595
355	chr2L	7969378	7969743	NA	em_common_peak-356	355	chr2L	7969378	7969743	4	em_common_peak-356	0.5205	1594	1595
357	chr2L	8031914	8032510	NA	em_common_peak-358	358	chr2L	8038324	8038637	2	em_common_peak-359	0.025835	1607	1608
375	chr2L	8669140	8669384	NA	em_common_peak-376	410	chr2L	9586782	9586990	2	em_common_peak-411	0.440262	1734	1918
399	chr2L	9410443	9410698	NA	em_common_peak-400	418	chr2L	9729277	9729643	2	em_common_peak-419	4.837654	1883	1946
400	chr2L	9414877	9415354	NA	em_common_peak-401	418	chr2L	9729277	9729643	2	em_common_peak-419	4.837654	1883	1946
408	chr2L	9514498	9514841	NA	em_common_peak-409	793	chr2L	16748641	16748980	2	em_common_peak-794	2.624211	1903	3350
411	chr2L	9613339	9613660	NA	em_common_peak-412	414	chr2L	9697289	9698095	2	em_common_peak-415	0.019651	1923	1940
411	chr2L	9613339	9613660	NA	em_common_peak-412	415	chr2L	9698983	9699364	2	em_common_peak-416	0.019651	1923	1940
413	chr2L	9693232	9693570	NA	em_common_peak-414	414	chr2L	9697289	9698095	2	em_common_peak-415	0.370462	1939	1940
413	chr2L	9693232	9693570	NA	em_common_peak-414	415	chr2L	9698983	9699364	2	em_common_peak-416	0.370462	1939	1940
442	chr2L	9981649	9981963	NA	em_common_peak-443	443	chr2L	9986911	9987307	2	em_common_peak-444	2.658576	1997	1998
444	chr2L	10002764	10003002	NA	em_common_peak-445	596	chr2L	12974297	12974669	2	em_common_peak-597	0.50741	2001	2595
449	chr2L	10055431	10055833	NA	em_common_peak-450	482	chr2L	10755995	10756294	2	em_common_peak-483	0.083156	2012	2152
448	chr2L	10054949	10055312	NA	em_common_peak-449	482	chr2L	10755995	10756294	2	em_common_peak-483	0.083156	2012	2152
453	chr2L	10110148	10110339	NA	em_common_peak-454	453	chr2L	10110148	10110339	2	em_common_peak-454	0.082867	2022	2023
451	chr2L	10106382	10106745	NA	em_common_peak-452	453	chr2L	10110148	10110339	2	em_common_peak-454	0.082867	2022	2023
452	chr2L	10108158	10108479	NA	em_common_peak-453	453	chr2L	10110148	10110339	2	em_common_peak-454	0.082867	2022	2023
458	chr2L	10167438	10167812	NA	em_common_peak-459	815	chr2L	17244754	17245043	2	em_common_peak-816	1.801315	2034	3449
461	chr2L	10420488	10420787	NA	em_common_peak-462	476	chr2L	10691119	10691354	2	em_common_peak-477	0.267182	2085	2139
461	chr2L	10420488	10420787	NA	em_common_peak-462	477	chr2L	10693253	10694059	2	em_common_peak-478	0.267182	2085	2139
486	chr2L	10860985	10861349	NA	em_common_peak-487	488	chr2L	10868901	10869255	2	em_common_peak-489	8.236421	2173	2174
486	chr2L	10860985	10861349	NA	em_common_peak-487	487	chr2L	10864928	10865314	3	em_common_peak-488	8.236421	2173	2174
487	chr2L	10864928	10865314	NA	em_common_peak-488	488	chr2L	10868901	10869255	2	em_common_peak-489	8.236421	2173	2174
487	chr2L	10864928	10865314	NA	em_common_peak-488	487	chr2L	10864928	10865314	3	em_common_peak-488	8.236421	2173	2174
488	chr2L	10868901	10869255	NA	em_common_peak-489	541	chr2L	12204595	12204925	2	em_common_peak-542	0.567219	2174	2441
487	chr2L	10864928	10865314	NA	em_common_peak-488	541	chr2L	12204595	12204925	2	em_common_peak-542	0.567219	2174	2441
499	chr2L	11094989	11095360	NA	em_common_peak-500	584	chr2L	12686645	12686995	2	em_common_peak-585	0.627825	2220	2538
507	chr2L	11338076	11338338	NA	em_common_peak-508	509	chr2L	11434480	11434843	2	em_common_peak-510	0.034806	2268	2287
509	chr2L	11434480	11434843	NA	em_common_peak-510	602	chr2L	13166770	13167226	2	em_common_peak-603	0.313271	2287	2634
536	chr2L	11986954	11987477	NA	em_common_peak-537	893	chr2L	19019615	19020154	2	em_common_peak-894	2.183407	2398	3804
546	chr2L	12265370	12265769	NA	em_common_peak-547	548	chr2L	12275754	12276079	2	em_common_peak-549	3.739529	2454	2456
547	chr2L	12268962	12269341	NA	em_common_peak-548	548	chr2L	12275754	12276079	2	em_common_peak-549	3.739529	2454	2456
561	chr2L	12459845	12460695	NA	em_common_peak-562	637	chr2L	13814059	13814665	2	em_common_peak-638	0.152196	2493	2763
577	chr2L	12611437	12611638	NA	em_common_peak-578	931	chr2L	19595254	19595490	2	em_common_peak-932	1.333623	2523	3920
577	chr2L	12611437	12611638	NA	em_common_peak-578	932	chr2L	19597808	19598180	2	em_common_peak-933	1.333623	2523	3920
579	chr2L	12621770	12622048	NA	em_common_peak-580	583	chr2L	12682924	12683344	2	em_common_peak-584	0.822528	2525	2537
589	chr2L	12849646	12850005	NA	em_common_peak-590	620	chr2L	13560402	13560595	1	em_common_peak-621	4.974059	2570	2712
589	chr2L	12849646	12850005	NA	em_common_peak-590	618	chr2L	13555131	13555361	2	em_common_peak-619	4.974059	2570	2712
589	chr2L	12849646	12850005	NA	em_common_peak-590	619	chr2L	13559415	13559723	2	em_common_peak-620	4.974059	2570	2712
589	chr2L	12849646	12850005	NA	em_common_peak-590	617	chr2L	13554453	13554955	4	em_common_peak-618	4.974059	2570	2712
595	chr2L	12964994	12965409	NA	em_common_peak-596	596	chr2L	12974297	12974669	2	em_common_peak-597	0.070506	2594	2595
602	chr2L	13166770	13167226	NA	em_common_peak-603	657	chr2L	14201712	14202159	2	em_common_peak-658	1.534426	2634	2841
602	chr2L	13166770	13167226	NA	em_common_peak-603	658	chr2L	14203696	14204344	2	em_common_peak-659	1.534426	2634	2841
607	chr2L	13369383	13369961	NA	em_common_peak-608	635	chr2L	13779882	13780262	3	em_common_peak-636	0.948526	2674	2757
609	chr2L	13469389	13469753	NA	em_common_peak-610	625	chr2L	13580850	13581150	2	em_common_peak-626	7.959162	2694	2717
618	chr2L	13555131	13555361	NA	em_common_peak-619	620	chr2L	13560402	13560595	1	em_common_peak-621	3.794676	2711	2712
618	chr2L	13555131	13555361	NA	em_common_peak-619	618	chr2L	13555131	13555361	2	em_common_peak-619	3.794676	2711	2712
618	chr2L	13555131	13555361	NA	em_common_peak-619	619	chr2L	13559415	13559723	2	em_common_peak-620	3.794676	2711	2712
618	chr2L	13555131	13555361	NA	em_common_peak-619	617	chr2L	13554453	13554955	4	em_common_peak-618	3.794676	2711	2712
617	chr2L	13554453	13554955	NA	em_common_peak-618	620	chr2L	13560402	13560595	1	em_common_peak-621	3.794676	2711	2712
617	chr2L	13554453	13554955	NA	em_common_peak-618	618	chr2L	13555131	13555361	2	em_common_peak-619	3.794676	2711	2712
617	chr2L	13554453	13554955	NA	em_common_peak-618	619	chr2L	13559415	13559723	2	em_common_peak-620	3.794676	2711	2712
617	chr2L	13554453	13554955	NA	em_common_peak-618	617	chr2L	13554453	13554955	4	em_common_peak-618	3.794676	2711	2712
621	chr2L	13565006	13565304	NA	em_common_peak-622	624	chr2L	13574699	13574979	2	em_common_peak-625	8.176054	2714	2715
622	chr2L	13565598	13565979	NA	em_common_peak-623	624	chr2L	13574699	13574979	2	em_common_peak-625	8.176054	2714	2715
623	chr2L	13566224	13566585	NA	em_common_peak-624	624	chr2L	13574699	13574979	2	em_common_peak-625	8.176054	2714	2715
638	chr2L	13827854	13828296	NA	em_common_peak-639	756	chr2L	16198774	16199078	2	em_common_peak-757	6.57929	2766	3240
642	chr2L	13894462	13894913	NA	em_common_peak-643	678	chr2L	14508921	14509171	2	em_common_peak-679	0.039984	2779	2902
641	chr2L	13889288	13889782	NA	em_common_peak-642	678	chr2L	14508921	14509171	2	em_common_peak-679	0.039984	2779	2902
646	chr2L	13944815	13945887	NA	em_common_peak-647	656	chr2L	14196906	14197182	2	em_common_peak-657	8.83702	2789	2840
646	chr2L	13944815	13945887	NA	em_common_peak-647	828	chr2L	17475384	17475721	2	em_common_peak-829	0.000569	2789	3496
647	chr2L	13999345	13999723	NA	em_common_peak-648	650	chr2L	14083971	14084298	2	em_common_peak-651	0.102508	2800	2817
680	chr2L	14533997	14534290	NA	em_common_peak-681	866	chr2L	18543230	18543624	2	em_common_peak-867	2.454274	2907	3709
684	chr2L	14638175	14638459	NA	em_common_peak-685	692	chr2L	14701192	14701492	2	em_common_peak-693	1.785696	2928	2941
684	chr2L	14638175	14638459	NA	em_common_peak-685	691	chr2L	14699705	14700182	3	em_common_peak-692	1.785696	2928	2941
712	chr2L	15123503	15123963	NA	em_common_peak-713	720	chr2L	15245629	15246035	2	em_common_peak-721	1.766928	3025	3050
712	chr2L	15123503	15123963	NA	em_common_peak-713	721	chr2L	15247010	15247495	2	em_common_peak-722	1.766928	3025	3050
713	chr2L	15124749	15125062	NA	em_common_peak-714	720	chr2L	15245629	15246035	2	em_common_peak-721	1.766928	3025	3050
713	chr2L	15124749	15125062	NA	em_common_peak-714	721	chr2L	15247010	15247495	2	em_common_peak-722	1.766928	3025	3050
735	chr2L	15646214	15646431	NA	em_common_peak-736	753	chr2L	16120973	16121434	2	em_common_peak-754	1.129712	3130	3225
749	chr2L	16082054	16082442	NA	em_common_peak-750	764	chr2L	16312300	16312940	2	em_common_peak-765	8.119599	3217	3263
755	chr2L	16148393	16148791	NA	em_common_peak-756	1038	chr2L	21923053	21923440	2	em_common_peak-1039	5.434113	3230	4385
777	chr2L	16510244	16510744	NA	em_common_peak-778	788	chr2L	16651280	16651615	2	em_common_peak-789	0.065245	3302	3331
776	chr2L	16509694	16510241	NA	em_common_peak-777	788	chr2L	16651280	16651615	2	em_common_peak-789	0.065245	3302	3331
795	chr2L	16772475	16773017	NA	em_common_peak-796	796	chr2L	16777079	16777448	2	em_common_peak-797	0.505942	3355	3356
795	chr2L	16772475	16773017	NA	em_common_peak-796	798	chr2L	16785162	16786085	1	em_common_peak-799	0.346851	3355	3357
795	chr2L	16772475	16773017	NA	em_common_peak-796	797	chr2L	16783949	16784404	2	em_common_peak-798	0.346851	3355	3357
796	chr2L	16777079	16777448	NA	em_common_peak-797	798	chr2L	16785162	16786085	1	em_common_peak-799	1.532184	3356	3357
796	chr2L	16777079	16777448	NA	em_common_peak-797	797	chr2L	16783949	16784404	2	em_common_peak-798	1.532184	3356	3357
813	chr2L	17227681	17228036	NA	em_common_peak-814	893	chr2L	19019615	19020154	3	em_common_peak-894	0.019057	3446	3805
814	chr2L	17228919	17229355	NA	em_common_peak-815	893	chr2L	19019615	19020154	3	em_common_peak-894	0.019057	3446	3805
828	chr2L	17475384	17475721	NA	em_common_peak-829	829	chr2L	17502554	17502945	2	em_common_peak-830	0.041884	3496	3501
828	chr2L	17475384	17475721	NA	em_common_peak-829	836	chr2L	17691972	17692474	2	em_common_peak-837	9.424365	3496	3539
865	chr2L	18524667	18525147	NA	em_common_peak-866	865	chr2L	18524667	18525147	3	em_common_peak-866	0.057754	3705	3706
865	chr2L	18524667	18525147	NA	em_common_peak-866	1044	chr2L	22120327	22120828	1	em_common_peak-1045	0.043413	3706	4424
865	chr2L	18524667	18525147	NA	em_common_peak-866	1043	chr2L	22118850	22119258	2	em_common_peak-1044	0.043413	3706	4424
872	chr2L	18674797	18675216	NA	em_common_peak-873	872	chr2L	18674797	18675216	3	em_common_peak-873	1.136362	3735	3736
877	chr2L	18769694	18770046	NA	em_common_peak-878	877	chr2L	18769694	18770046	3	em_common_peak-878	3.176101	3754	3755
893	chr2L	19019615	19020154	NA	em_common_peak-894	896	chr2L	19092689	19093193	2	em_common_peak-897	0.181448	3805	3819
925	chr2L	19421033	19421351	NA	em_common_peak-926	926	chr2L	19493662	19494128	2	em_common_peak-927	0.321353	3885	3899
943	chr2L	19768279	19768645	NA	em_common_peak-944	947	chr2L	19880723	19881192	2	em_common_peak-948	1.386431	3954	3977
960	chr2L	20259168	20259643	NA	em_common_peak-961	961	chr2L	20261403	20261936	2	em_common_peak-962	2.423572	4052	4053
960	chr2L	20259168	20259643	NA	em_common_peak-961	960	chr2L	20259168	20259643	4	em_common_peak-961	2.423572	4052	4053
976	chr2L	20773546	20773911	NA	em_common_peak-977	977	chr2L	20775938	20776449	2	em_common_peak-978	8.427641	4155	4156
