13	chr2R	590304	590603	NA	em_common_peak-1080	183	chr2R	5545427	5545834	1	em_common_peak-1250	2.177677	118	1109
13	chr2R	590304	590603	NA	em_common_peak-1080	182	chr2R	5542703	5543344	2	em_common_peak-1249	2.177677	118	1109
12	chr2R	587852	588318	NA	em_common_peak-1079	183	chr2R	5545427	5545834	1	em_common_peak-1250	2.177677	118	1109
12	chr2R	587852	588318	NA	em_common_peak-1079	182	chr2R	5542703	5543344	2	em_common_peak-1249	2.177677	118	1109
59	chr2R	2143335	2143827	NA	em_common_peak-1126	164	chr2R	5179902	5180149	3	em_common_peak-1231	1.859066	429	1037
62	chr2R	2381804	2382350	NA	em_common_peak-1129	63	chr2R	2389436	2389653	2	em_common_peak-1130	1.637585	477	478
63	chr2R	2389436	2389653	NA	em_common_peak-1130	468	chr2R	10457888	10458281	2	em_common_peak-1535	1.060616	478	2092
63	chr2R	2389436	2389653	NA	em_common_peak-1130	469	chr2R	10458496	10460268	2	em_common_peak-1536	1.060616	478	2092
67	chr2R	2515597	2515947	NA	em_common_peak-1134	738	chr2R	15164361	15164726	2	em_common_peak-1805	0.122774	504	3033
68	chr2R	2518217	2518619	NA	em_common_peak-1135	738	chr2R	15164361	15164726	2	em_common_peak-1805	0.122774	504	3033
69	chr2R	2519642	2520671	NA	em_common_peak-1136	738	chr2R	15164361	15164726	2	em_common_peak-1805	0.122774	504	3033
66	chr2R	2514584	2514999	NA	em_common_peak-1133	738	chr2R	15164361	15164726	2	em_common_peak-1805	0.122774	504	3033
70	chr2R	2584415	2585156	NA	em_common_peak-1137	70	chr2R	2584415	2585156	3	em_common_peak-1137	0.251113	517	518
85	chr2R	3120448	3120871	NA	em_common_peak-1152	86	chr2R	3128283	3128618	2	em_common_peak-1153	9.961112	625	626
97	chr2R	3472258	3472479	NA	em_common_peak-1164	542	chr2R	11736054	11736652	2	em_common_peak-1609	0.556613	695	2348
101	chr2R	3620341	3620820	NA	em_common_peak-1168	106	chr2R	3637314	3637731	2	em_common_peak-1173	0.125992	725	728
102	chr2R	3622909	3623300	NA	em_common_peak-1169	106	chr2R	3637314	3637731	2	em_common_peak-1173	0.125992	725	728
103	chr2R	3624978	3625441	NA	em_common_peak-1170	106	chr2R	3637314	3637731	2	em_common_peak-1173	0.125992	725	728
111	chr2R	3675638	3675994	NA	em_common_peak-1178	112	chr2R	3679671	3680121	3	em_common_peak-1179	4.4e-05	736	737
111	chr2R	3675638	3675994	NA	em_common_peak-1178	165	chr2R	5189852	5190185	3	em_common_peak-1232	0.255243	736	1039
112	chr2R	3679671	3680121	NA	em_common_peak-1179	112	chr2R	3679671	3680121	3	em_common_peak-1179	4.4e-05	736	737
112	chr2R	3679671	3680121	NA	em_common_peak-1179	165	chr2R	5189852	5190185	3	em_common_peak-1232	0.255243	736	1039
113	chr2R	3735840	3736217	NA	em_common_peak-1180	836	chr2R	16894966	16895318	3	em_common_peak-1903	0.457064	748	3380
119	chr2R	3943574	3944083	NA	em_common_peak-1186	120	chr2R	3947712	3948207	2	em_common_peak-1187	0.005298	789	790
126	chr2R	4171397	4171898	NA	em_common_peak-1193	127	chr2R	4194868	4195360	2	em_common_peak-1194	1.544868	835	839
126	chr2R	4171397	4171898	NA	em_common_peak-1193	128	chr2R	4211904	4212274	2	em_common_peak-1195	2.474909	835	843
135	chr2R	4491819	4492162	NA	em_common_peak-1202	159	chr2R	5067950	5068625	2	em_common_peak-1226	0.518648	899	1014
135	chr2R	4491819	4492162	NA	em_common_peak-1202	871	chr2R	17417969	17418417	2	em_common_peak-1938	0.483232	899	3484
140	chr2R	4542798	4543203	NA	em_common_peak-1207	659	chr2R	13694704	13695149	3	em_common_peak-1726	0.001212	909	2740
146	chr2R	4715761	4716214	NA	em_common_peak-1213	1003	chr2R	20219567	20221224	2	em_common_peak-2070	0.044586	944	4044
152	chr2R	4956889	4957388	NA	em_common_peak-1219	377	chr2R	9159993	9160339	2	em_common_peak-1444	1.057643	992	1832
151	chr2R	4954772	4955169	NA	em_common_peak-1218	377	chr2R	9159993	9160339	2	em_common_peak-1444	1.057643	992	1832
164	chr2R	5179902	5180149	NA	em_common_peak-1231	165	chr2R	5189852	5190185	2	em_common_peak-1232	0.008371	1036	1038
165	chr2R	5189852	5190185	NA	em_common_peak-1232	165	chr2R	5189852	5190185	3	em_common_peak-1232	0.2934	1038	1039
173	chr2R	5353977	5354286	NA	em_common_peak-1240	174	chr2R	5358138	5358583	2	em_common_peak-1241	1.655314	1071	1072
198	chr2R	5928981	5930840	NA	em_common_peak-1265	200	chr2R	5995167	5995532	2	em_common_peak-1267	1.644281	1187	1200
215	chr2R	6362749	6363144	NA	em_common_peak-1282	539	chr2R	11705285	11705549	2	em_common_peak-1606	1.406849	1273	2342
215	chr2R	6362749	6363144	NA	em_common_peak-1282	883	chr2R	17537775	17538261	2	em_common_peak-1950	0.077397	1273	3508
215	chr2R	6362749	6363144	NA	em_common_peak-1282	884	chr2R	17539941	17541074	2	em_common_peak-1951	0.077397	1273	3508
216	chr2R	6383598	6383942	NA	em_common_peak-1283	217	chr2R	6387679	6388096	2	em_common_peak-1284	0.65345	1277	1278
221	chr2R	6408027	6408541	NA	em_common_peak-1288	223	chr2R	6416987	6417245	2	em_common_peak-1290	0.481359	1282	1284
222	chr2R	6411426	6412105	NA	em_common_peak-1289	223	chr2R	6416987	6417245	2	em_common_peak-1290	1.691858	1283	1284
242	chr2R	6636441	6637001	NA	em_common_peak-1309	243	chr2R	6643413	6643904	2	em_common_peak-1310	1.011894	1328	1329
242	chr2R	6636441	6637001	NA	em_common_peak-1309	975	chr2R	19476989	19477447	2	em_common_peak-2042	0.545095	1328	3896
277	chr2R	7095798	7096162	NA	em_common_peak-1344	278	chr2R	7103397	7103765	2	em_common_peak-1345	0.541798	1420	1421
278	chr2R	7103397	7103765	NA	em_common_peak-1345	1023	chr2R	21024389	21024745	2	em_common_peak-2090	1.116396	1421	4205
280	chr2R	7148400	7148694	NA	em_common_peak-1347	281	chr2R	7156733	7157062	2	em_common_peak-1348	1.868409	1430	1432
283	chr2R	7304741	7305153	NA	em_common_peak-1350	283	chr2R	7304741	7305153	3	em_common_peak-1350	0.337232	1461	1462
284	chr2R	7341000	7341999	NA	em_common_peak-1351	312	chr2R	7842001	7842535	2	em_common_peak-1379	0.047516	1469	1569
302	chr2R	7618074	7618528	NA	em_common_peak-1369	306	chr2R	7689616	7690071	3	em_common_peak-1373	0.391099	1524	1539
303	chr2R	7619634	7620036	NA	em_common_peak-1370	306	chr2R	7689616	7690071	3	em_common_peak-1373	0.391099	1524	1539
304	chr2R	7686125	7686524	NA	em_common_peak-1371	306	chr2R	7689616	7690071	3	em_common_peak-1373	12.208154	1538	1539
305	chr2R	7689094	7689452	NA	em_common_peak-1372	306	chr2R	7689616	7690071	3	em_common_peak-1373	12.208154	1538	1539
306	chr2R	7689616	7690071	NA	em_common_peak-1373	306	chr2R	7689616	7690071	3	em_common_peak-1373	12.208154	1538	1539
315	chr2R	7958229	7958549	NA	em_common_peak-1382	330	chr2R	8153482	8153889	2	em_common_peak-1397	2.583565	1592	1631
325	chr2R	8110896	8111315	NA	em_common_peak-1392	532	chr2R	11640470	11640874	2	em_common_peak-1599	2.186822	1623	2329
333	chr2R	8160376	8160850	NA	em_common_peak-1400	333	chr2R	8160376	8160850	2	em_common_peak-1400	3.254163	1632	1633
331	chr2R	8156148	8156504	NA	em_common_peak-1398	333	chr2R	8160376	8160850	2	em_common_peak-1400	3.254163	1632	1633
332	chr2R	8158984	8159442	NA	em_common_peak-1399	333	chr2R	8160376	8160850	2	em_common_peak-1400	3.254163	1632	1633
340	chr2R	8424481	8424928	NA	em_common_peak-1407	1018	chr2R	20790984	20791532	2	em_common_peak-2085	1.239639	1685	4159
344	chr2R	8472764	8473033	NA	em_common_peak-1411	591	chr2R	12495743	12496104	2	em_common_peak-1658	3.282808	1695	2500
345	chr2R	8474946	8475335	NA	em_common_peak-1412	591	chr2R	12495743	12496104	2	em_common_peak-1658	3.282808	1695	2500
358	chr2R	8805413	8805783	NA	em_common_peak-1425	361	chr2R	8816561	8817123	2	em_common_peak-1428	0.000915	1761	1764
357	chr2R	8804299	8805007	NA	em_common_peak-1424	361	chr2R	8816561	8817123	2	em_common_peak-1428	0.000915	1761	1764
376	chr2R	9134315	9135106	NA	em_common_peak-1443	967	chr2R	19235533	19236095	2	em_common_peak-2034	0.045585	1827	3848
391	chr2R	9407742	9408005	NA	em_common_peak-1458	392	chr2R	9412517	9412902	2	em_common_peak-1459	0.871143	1882	1883
414	chr2R	9754103	9754461	NA	em_common_peak-1481	416	chr2R	9764406	9764847	2	em_common_peak-1483	0.711054	1951	1953
415	chr2R	9756045	9756373	NA	em_common_peak-1482	416	chr2R	9764406	9764847	2	em_common_peak-1483	0.317423	1952	1953
415	chr2R	9756045	9756373	NA	em_common_peak-1482	418	chr2R	9794879	9795350	3	em_common_peak-1485	0.741359	1952	1960
416	chr2R	9764406	9764847	NA	em_common_peak-1483	417	chr2R	9784894	9785395	3	em_common_peak-1484	0.080072	1953	1958
416	chr2R	9764406	9764847	NA	em_common_peak-1483	418	chr2R	9794879	9795350	2	em_common_peak-1485	0.25671	1953	1959
416	chr2R	9764406	9764847	NA	em_common_peak-1483	439	chr2R	10061732	10062168	2	em_common_peak-1506	0.269476	1953	2013
417	chr2R	9784894	9785395	NA	em_common_peak-1484	418	chr2R	9794879	9795350	2	em_common_peak-1485	0.448719	1958	1959
418	chr2R	9794879	9795350	NA	em_common_peak-1485	738	chr2R	15164361	15164726	2	em_common_peak-1805	0.698266	1960	3033
422	chr2R	9852017	9852448	NA	em_common_peak-1489	424	chr2R	9896518	9896985	2	em_common_peak-1491	0.716283	1971	1980
422	chr2R	9852017	9852448	NA	em_common_peak-1489	425	chr2R	9898013	9898439	2	em_common_peak-1492	0.716283	1971	1980
434	chr2R	9938146	9939148	NA	em_common_peak-1501	435	chr2R	9940558	9941129	2	em_common_peak-1502	7.874395	1988	1989
441	chr2R	10115643	10116221	NA	em_common_peak-1508	442	chr2R	10140928	10141834	2	em_common_peak-1509	0.729698	2024	2029
443	chr2R	10150078	10150741	NA	em_common_peak-1510	455	chr2R	10308114	10308619	2	em_common_peak-1522	0.170453	2031	2062
447	chr2R	10205565	10205910	NA	em_common_peak-1514	449	chr2R	10229584	10230017	2	em_common_peak-1516	0.078134	2042	2046
447	chr2R	10205565	10205910	NA	em_common_peak-1514	448	chr2R	10224937	10225855	3	em_common_peak-1515	0.078134	2042	2046
447	chr2R	10205565	10205910	NA	em_common_peak-1514	450	chr2R	10232183	10232576	2	em_common_peak-1517	0.02181	2042	2047
447	chr2R	10205565	10205910	NA	em_common_peak-1514	451	chr2R	10233952	10234372	2	em_common_peak-1518	0.02181	2042	2047
447	chr2R	10205565	10205910	NA	em_common_peak-1514	449	chr2R	10229584	10230017	3	em_common_peak-1516	0.02181	2042	2047
449	chr2R	10229584	10230017	NA	em_common_peak-1516	968	chr2R	19273437	19273842	2	em_common_peak-2035	0.571757	2046	3855
448	chr2R	10224937	10225855	NA	em_common_peak-1515	968	chr2R	19273437	19273842	2	em_common_peak-2035	0.571757	2046	3855
454	chr2R	10303400	10303724	NA	em_common_peak-1521	455	chr2R	10308114	10308619	2	em_common_peak-1522	0.977609	2061	2062
456	chr2R	10312573	10312907	NA	em_common_peak-1523	915	chr2R	18263266	18263677	2	em_common_peak-1982	0.022774	2063	3653
465	chr2R	10426362	10426721	NA	em_common_peak-1532	984	chr2R	19611525	19611929	2	em_common_peak-2051	1.299328	2086	3923
465	chr2R	10426362	10426721	NA	em_common_peak-1532	985	chr2R	19614395	19614807	2	em_common_peak-2052	1.299328	2086	3923
493	chr2R	10986558	10986774	NA	em_common_peak-1560	494	chr2R	10991923	10992212	2	em_common_peak-1561	3.825038	2198	2199
493	chr2R	10986558	10986774	NA	em_common_peak-1560	495	chr2R	10992449	10992749	2	em_common_peak-1562	3.825038	2198	2199
504	chr2R	11021918	11022584	NA	em_common_peak-1571	506	chr2R	11028127	11028848	2	em_common_peak-1573	0.757844	2205	2206
504	chr2R	11021918	11022584	NA	em_common_peak-1571	505	chr2R	11024457	11024875	4	em_common_peak-1572	0.757844	2205	2206
505	chr2R	11024457	11024875	NA	em_common_peak-1572	506	chr2R	11028127	11028848	2	em_common_peak-1573	0.757844	2205	2206
505	chr2R	11024457	11024875	NA	em_common_peak-1572	505	chr2R	11024457	11024875	4	em_common_peak-1572	0.757844	2205	2206
503	chr2R	11019854	11020203	NA	em_common_peak-1570	506	chr2R	11028127	11028848	2	em_common_peak-1573	0.757844	2205	2206
503	chr2R	11019854	11020203	NA	em_common_peak-1570	505	chr2R	11024457	11024875	4	em_common_peak-1572	0.757844	2205	2206
502	chr2R	11019057	11019562	NA	em_common_peak-1569	506	chr2R	11028127	11028848	2	em_common_peak-1573	0.757844	2205	2206
502	chr2R	11019057	11019562	NA	em_common_peak-1569	505	chr2R	11024457	11024875	4	em_common_peak-1572	0.757844	2205	2206
512	chr2R	11175368	11175627	NA	em_common_peak-1579	1022	chr2R	20971215	20971521	2	em_common_peak-2089	1.806672	2236	4195
522	chr2R	11346091	11346472	NA	em_common_peak-1589	842	chr2R	17055073	17055598	2	em_common_peak-1909	3.696419	2270	3412
521	chr2R	11344938	11345422	NA	em_common_peak-1588	842	chr2R	17055073	17055598	2	em_common_peak-1909	3.696419	2270	3412
525	chr2R	11454744	11455139	NA	em_common_peak-1592	529	chr2R	11542945	11543392	2	em_common_peak-1596	0.018926	2291	2309
525	chr2R	11454744	11455139	NA	em_common_peak-1592	1003	chr2R	20219567	20221224	2	em_common_peak-2070	0.000526	2291	4044
526	chr2R	11467838	11468257	NA	em_common_peak-1593	564	chr2R	12097287	12097731	2	em_common_peak-1631	2.01099	2294	2420
526	chr2R	11467838	11468257	NA	em_common_peak-1593	823	chr2R	16779191	16779687	2	em_common_peak-1890	1.089495	2294	3356
529	chr2R	11542945	11543392	NA	em_common_peak-1596	530	chr2R	11546808	11547138	2	em_common_peak-1597	1.912676	2309	2310
539	chr2R	11705285	11705549	NA	em_common_peak-1606	539	chr2R	11705285	11705549	2	em_common_peak-1606	2.306647	2341	2342
537	chr2R	11700087	11700536	NA	em_common_peak-1604	539	chr2R	11705285	11705549	2	em_common_peak-1606	2.306647	2341	2342
538	chr2R	11704074	11704401	NA	em_common_peak-1605	539	chr2R	11705285	11705549	2	em_common_peak-1606	2.306647	2341	2342
551	chr2R	11953486	11953975	NA	em_common_peak-1618	984	chr2R	19611525	19611929	2	em_common_peak-2051	2.269008	2391	3923
551	chr2R	11953486	11953975	NA	em_common_peak-1618	985	chr2R	19614395	19614807	2	em_common_peak-2052	2.269008	2391	3923
560	chr2R	12049234	12049686	NA	em_common_peak-1627	561	chr2R	12052739	12053141	2	em_common_peak-1628	0.756145	2410	2411
560	chr2R	12049234	12049686	NA	em_common_peak-1627	560	chr2R	12049234	12049686	4	em_common_peak-1627	0.756145	2410	2411
560	chr2R	12049234	12049686	NA	em_common_peak-1627	588	chr2R	12473731	12474206	2	em_common_peak-1655	1.209575	2410	2495
563	chr2R	12084385	12084714	NA	em_common_peak-1630	582	chr2R	12378455	12378688	2	em_common_peak-1649	0.059539	2417	2476
587	chr2R	12456767	12457998	NA	em_common_peak-1654	746	chr2R	15242756	15243158	2	em_common_peak-1813	0.671322	2492	3049
587	chr2R	12456767	12457998	NA	em_common_peak-1654	747	chr2R	15243819	15244275	2	em_common_peak-1814	0.671322	2492	3049
588	chr2R	12473731	12474206	NA	em_common_peak-1655	884	chr2R	17539941	17541074	3	em_common_peak-1951	0.462393	2495	3509
593	chr2R	12563795	12564400	NA	em_common_peak-1660	595	chr2R	12570178	12570642	1	em_common_peak-1662	1.257057	2513	2514
593	chr2R	12563795	12564400	NA	em_common_peak-1660	594	chr2R	12568732	12569202	2	em_common_peak-1661	1.257057	2513	2514
611	chr2R	12733156	12733498	NA	em_common_peak-1678	613	chr2R	12819986	12820512	3	em_common_peak-1680	1.449479	2547	2565
634	chr2R	13243412	13243814	NA	em_common_peak-1701	738	chr2R	15164361	15164726	2	em_common_peak-1805	0.799014	2649	3033
641	chr2R	13340637	13340887	NA	em_common_peak-1708	644	chr2R	13349516	13350212	3	em_common_peak-1711	1.616767	2669	2671
657	chr2R	13691729	13692328	NA	em_common_peak-1724	666	chr2R	13734970	13735417	2	em_common_peak-1733	0.003801	2739	2747
658	chr2R	13693909	13694439	NA	em_common_peak-1725	666	chr2R	13734970	13735417	2	em_common_peak-1733	0.003801	2739	2747
659	chr2R	13694704	13695149	NA	em_common_peak-1726	666	chr2R	13734970	13735417	2	em_common_peak-1733	0.003801	2739	2747
665	chr2R	13725701	13726256	NA	em_common_peak-1732	666	chr2R	13734970	13735417	2	em_common_peak-1733	0.990661	2746	2747
685	chr2R	14157587	14158021	NA	em_common_peak-1752	742	chr2R	15206942	15207139	2	em_common_peak-1809	0.450707	2832	3042
701	chr2R	14280256	14280451	NA	em_common_peak-1768	702	chr2R	14288132	14288515	2	em_common_peak-1769	0.017428	2857	2858
704	chr2R	14424666	14426912	NA	em_common_peak-1771	704	chr2R	14424666	14426912	3	em_common_peak-1771	0.382313	2885	2886
704	chr2R	14424666	14426912	NA	em_common_peak-1771	721	chr2R	14839809	14840211	3	em_common_peak-1788	0.753122	2885	2969
710	chr2R	14656367	14656778	NA	em_common_peak-1777	929	chr2R	18445675	18446130	2	em_common_peak-1996	0.305754	2932	3690
710	chr2R	14656367	14656778	NA	em_common_peak-1777	930	chr2R	18446580	18447023	2	em_common_peak-1997	0.305754	2932	3690
713	chr2R	14714535	14715071	NA	em_common_peak-1780	714	chr2R	14716993	14717331	2	em_common_peak-1781	2.028277	2943	2944
713	chr2R	14714535	14715071	NA	em_common_peak-1780	713	chr2R	14714535	14715071	3	em_common_peak-1780	2.028277	2943	2944
723	chr2R	14891937	14892378	NA	em_common_peak-1790	726	chr2R	14930012	14930448	2	em_common_peak-1793	7.332107	2979	2987
735	chr2R	15107417	15107785	NA	em_common_peak-1802	918	chr2R	18296634	18296939	2	em_common_peak-1985	0.007368	3022	3660
736	chr2R	15124525	15125164	NA	em_common_peak-1803	736	chr2R	15124525	15125164	3	em_common_peak-1803	1.319775	3025	3026
737	chr2R	15145485	15145904	NA	em_common_peak-1804	738	chr2R	15164361	15164726	2	em_common_peak-1805	0.497833	3030	3033
788	chr2R	16200466	16201289	NA	em_common_peak-1855	788	chr2R	16200466	16201289	2	em_common_peak-1855	1.430784	3240	3241
787	chr2R	16196836	16198925	NA	em_common_peak-1854	788	chr2R	16200466	16201289	2	em_common_peak-1855	1.430784	3240	3241
798	chr2R	16390343	16390762	NA	em_common_peak-1865	808	chr2R	16598403	16598726	2	em_common_peak-1875	2.53985	3279	3320
798	chr2R	16390343	16390762	NA	em_common_peak-1865	809	chr2R	16598766	16599126	2	em_common_peak-1876	2.53985	3279	3320
804	chr2R	16487541	16488058	NA	em_common_peak-1871	806	chr2R	16533565	16534059	2	em_common_peak-1873	1.651743	3298	3307
825	chr2R	16805681	16806652	NA	em_common_peak-1892	828	chr2R	16820362	16821027	2	em_common_peak-1895	2.010045	3362	3365
826	chr2R	16807309	16807623	NA	em_common_peak-1893	828	chr2R	16820362	16821027	2	em_common_peak-1895	2.010045	3362	3365
833	chr2R	16884993	16885513	NA	em_common_peak-1900	834	chr2R	16892054	16892687	2	em_common_peak-1901	0.717544	3377	3379
833	chr2R	16884993	16885513	NA	em_common_peak-1900	835	chr2R	16892909	16893475	2	em_common_peak-1902	0.717544	3377	3379
833	chr2R	16884993	16885513	NA	em_common_peak-1900	836	chr2R	16894966	16895318	2	em_common_peak-1903	0.717544	3377	3379
842	chr2R	17055073	17055598	NA	em_common_peak-1909	1006	chr2R	20487952	20488517	2	em_common_peak-2073	0.680523	3412	4098
848	chr2R	17094445	17094768	NA	em_common_peak-1915	853	chr2R	17162141	17162492	2	em_common_peak-1920	0.112301	3419	3433
870	chr2R	17411595	17412111	NA	em_common_peak-1937	873	chr2R	17438224	17438649	2	em_common_peak-1940	1.117639	3483	3488
874	chr2R	17457737	17458208	NA	em_common_peak-1941	875	chr2R	17466397	17466850	2	em_common_peak-1942	5.79473	3492	3494
874	chr2R	17457737	17458208	NA	em_common_peak-1941	876	chr2R	17467438	17467741	2	em_common_peak-1943	5.79473	3492	3494
874	chr2R	17457737	17458208	NA	em_common_peak-1941	882	chr2R	17497305	17497635	2	em_common_peak-1949	2.776159	3492	3500
874	chr2R	17457737	17458208	NA	em_common_peak-1941	881	chr2R	17494186	17494649	4	em_common_peak-1948	2.776159	3492	3500
883	chr2R	17537775	17538261	NA	em_common_peak-1950	884	chr2R	17539941	17541074	3	em_common_peak-1951	0.017668	3508	3509
884	chr2R	17539941	17541074	NA	em_common_peak-1951	884	chr2R	17539941	17541074	3	em_common_peak-1951	0.017668	3508	3509
884	chr2R	17539941	17541074	NA	em_common_peak-1951	1016	chr2R	20786274	20786831	2	em_common_peak-2083	0.352394	3509	4158
884	chr2R	17539941	17541074	NA	em_common_peak-1951	1017	chr2R	20787316	20787639	2	em_common_peak-2084	0.352394	3509	4158
906	chr2R	18028217	18028736	NA	em_common_peak-1973	968	chr2R	19273437	19273842	2	em_common_peak-2035	1.062815	3606	3855
932	chr2R	18485481	18485745	NA	em_common_peak-1999	933	chr2R	18493590	18493819	2	em_common_peak-2000	0.066491	3698	3699
935	chr2R	18508198	18508643	NA	em_common_peak-2002	938	chr2R	18536035	18536545	2	em_common_peak-2005	1.055412	3702	3708
945	chr2R	18616525	18616882	NA	em_common_peak-2012	946	chr2R	18623018	18623385	2	em_common_peak-2013	0.718744	3724	3725
952	chr2R	18886156	18886512	NA	em_common_peak-2019	953	chr2R	18890787	18891199	2	em_common_peak-2020	0.844148	3778	3779
970	chr2R	19337775	19338208	NA	em_common_peak-2037	971	chr2R	19343715	19344223	2	em_common_peak-2038	0.099919	3868	3869
981	chr2R	19572339	19572836	NA	em_common_peak-2048	982	chr2R	19601240	19601761	2	em_common_peak-2049	0.023297	3915	3921
982	chr2R	19601240	19601761	NA	em_common_peak-2049	984	chr2R	19611525	19611929	2	em_common_peak-2051	0.048777	3921	3923
982	chr2R	19601240	19601761	NA	em_common_peak-2049	985	chr2R	19614395	19614807	2	em_common_peak-2052	0.048777	3921	3923
982	chr2R	19601240	19601761	NA	em_common_peak-2049	1011	chr2R	20631985	20632363	2	em_common_peak-2078	0.064448	3921	4127
1014	chr2R	20655402	20655849	NA	em_common_peak-2081	1014	chr2R	20655402	20655849	2	em_common_peak-2081	0.065262	4131	4132
1013	chr2R	20653011	20653387	NA	em_common_peak-2080	1014	chr2R	20655402	20655849	2	em_common_peak-2081	0.065262	4131	4132
1012	chr2R	20649214	20649576	NA	em_common_peak-2079	1014	chr2R	20655402	20655849	2	em_common_peak-2081	0.065262	4131	4132
