10	chr3L	140770	141631	NA	em_common_peak-2102	948	chr3L	15536371	15536839	2	em_common_peak-3040	0.625047	29	3108
10	chr3L	140770	141631	NA	em_common_peak-2102	949	chr3L	15538786	15538987	2	em_common_peak-3041	0.625047	29	3108
11	chr3L	141844	142813	NA	em_common_peak-2103	948	chr3L	15536371	15536839	2	em_common_peak-3040	0.625047	29	3108
11	chr3L	141844	142813	NA	em_common_peak-2103	949	chr3L	15538786	15538987	2	em_common_peak-3041	0.625047	29	3108
13	chr3L	224007	225320	NA	em_common_peak-2105	19	chr3L	230125	230826	1	em_common_peak-2111	2.184423	45	46
13	chr3L	224007	225320	NA	em_common_peak-2105	14	chr3L	225602	226377	2	em_common_peak-2106	2.184423	45	46
13	chr3L	224007	225320	NA	em_common_peak-2105	15	chr3L	226436	226945	2	em_common_peak-2107	2.184423	45	46
13	chr3L	224007	225320	NA	em_common_peak-2105	16	chr3L	227764	228260	2	em_common_peak-2108	2.184423	45	46
13	chr3L	224007	225320	NA	em_common_peak-2105	17	chr3L	228451	228786	2	em_common_peak-2109	2.184423	45	46
13	chr3L	224007	225320	NA	em_common_peak-2105	18	chr3L	228806	229201	2	em_common_peak-2110	2.184423	45	46
13	chr3L	224007	225320	NA	em_common_peak-2105	13	chr3L	224007	225320	3	em_common_peak-2105	2.184423	45	46
22	chr3L	457206	457602	NA	em_common_peak-2114	24	chr3L	471452	471919	2	em_common_peak-2116	1.498124	92	95
22	chr3L	457206	457602	NA	em_common_peak-2114	25	chr3L	472895	473387	2	em_common_peak-2117	1.498124	92	95
22	chr3L	457206	457602	NA	em_common_peak-2114	26	chr3L	474061	474400	2	em_common_peak-2118	1.498124	92	95
23	chr3L	458727	459112	NA	em_common_peak-2115	24	chr3L	471452	471919	2	em_common_peak-2116	1.498124	92	95
23	chr3L	458727	459112	NA	em_common_peak-2115	25	chr3L	472895	473387	2	em_common_peak-2117	1.498124	92	95
23	chr3L	458727	459112	NA	em_common_peak-2115	26	chr3L	474061	474400	2	em_common_peak-2118	1.498124	92	95
31	chr3L	513278	513628	NA	em_common_peak-2123	1087	chr3L	18006257	18006665	2	em_common_peak-3179	5.148973	103	3602
43	chr3L	636099	636600	NA	em_common_peak-2135	169	chr3L	2908299	2908915	2	em_common_peak-2261	8.477774	128	582
44	chr3L	637688	638287	NA	em_common_peak-2136	169	chr3L	2908299	2908915	2	em_common_peak-2261	8.477774	128	582
45	chr3L	638912	639372	NA	em_common_peak-2137	169	chr3L	2908299	2908915	2	em_common_peak-2261	8.477774	128	582
46	chr3L	639556	640845	NA	em_common_peak-2138	169	chr3L	2908299	2908915	2	em_common_peak-2261	8.477774	128	582
49	chr3L	732520	732954	NA	em_common_peak-2141	586	chr3L	9388174	9388878	2	em_common_peak-2678	0.039956	147	1878
71	chr3L	1110486	1111202	NA	em_common_peak-2163	75	chr3L	1167041	1167505	2	em_common_peak-2167	1.093007	222	234
71	chr3L	1110486	1111202	NA	em_common_peak-2163	76	chr3L	1169431	1169810	2	em_common_peak-2168	1.093007	222	234
70	chr3L	1107097	1107586	NA	em_common_peak-2162	75	chr3L	1167041	1167505	2	em_common_peak-2167	1.093007	222	234
70	chr3L	1107097	1107586	NA	em_common_peak-2162	76	chr3L	1169431	1169810	2	em_common_peak-2168	1.093007	222	234
79	chr3L	1301151	1301447	NA	em_common_peak-2171	80	chr3L	1311014	1311900	2	em_common_peak-2172	0.681979	261	263
79	chr3L	1301151	1301447	NA	em_common_peak-2171	81	chr3L	1314907	1315424	2	em_common_peak-2173	0.681979	261	263
80	chr3L	1311014	1311900	NA	em_common_peak-2172	81	chr3L	1314907	1315424	3	em_common_peak-2173	0.766966	263	264
81	chr3L	1314907	1315424	NA	em_common_peak-2173	81	chr3L	1314907	1315424	3	em_common_peak-2173	0.766966	263	264
85	chr3L	1440974	1441314	NA	em_common_peak-2177	92	chr3L	1465113	1465731	2	em_common_peak-2184	1.674901	289	294
85	chr3L	1440974	1441314	NA	em_common_peak-2177	93	chr3L	1465821	1466172	2	em_common_peak-2185	1.674901	289	294
85	chr3L	1440974	1441314	NA	em_common_peak-2177	91	chr3L	1464629	1464932	4	em_common_peak-2183	1.674901	289	294
85	chr3L	1440974	1441314	NA	em_common_peak-2177	192	chr3L	3373375	3373768	2	em_common_peak-2284	1.60033	289	675
92	chr3L	1465113	1465731	NA	em_common_peak-2184	517	chr3L	8334439	8334511	2	em_common_peak-2609	0.458559	293	1667
89	chr3L	1460112	1460466	NA	em_common_peak-2181	517	chr3L	8334439	8334511	2	em_common_peak-2609	0.458559	293	1667
90	chr3L	1463400	1464055	NA	em_common_peak-2182	517	chr3L	8334439	8334511	2	em_common_peak-2609	0.458559	293	1667
91	chr3L	1464629	1464932	NA	em_common_peak-2183	517	chr3L	8334439	8334511	2	em_common_peak-2609	0.458559	293	1667
98	chr3L	1517032	1517360	NA	em_common_peak-2190	217	chr3L	3639630	3639966	2	em_common_peak-2309	1.922032	304	728
103	chr3L	1746753	1747231	NA	em_common_peak-2195	1123	chr3L	18877781	18878115	2	em_common_peak-3215	0.325035	350	3776
104	chr3L	1784982	1785501	NA	em_common_peak-2196	107	chr3L	1796473	1797143	2	em_common_peak-2199	0.003186	357	360
104	chr3L	1784982	1785501	NA	em_common_peak-2196	210	chr3L	3557785	3558168	2	em_common_peak-2302	9.522277	357	712
104	chr3L	1784982	1785501	NA	em_common_peak-2196	1197	chr3L	20288045	20288453	2	em_common_peak-3289	0.001167	357	4058
106	chr3L	1790707	1791113	NA	em_common_peak-2198	1238	chr3L	21077684	21078164	2	em_common_peak-3330	0.485464	359	4216
119	chr3L	2088100	2088489	NA	em_common_peak-2211	843	chr3L	13194135	13194536	2	em_common_peak-2935	2.985183	418	2639
123	chr3L	2206147	2206540	NA	em_common_peak-2215	255	chr3L	4388632	4389181	2	em_common_peak-2347	0.102358	442	878
133	chr3L	2520054	2520485	NA	em_common_peak-2225	234	chr3L	3983987	3984284	2	em_common_peak-2326	0.328923	505	797
133	chr3L	2520054	2520485	NA	em_common_peak-2225	235	chr3L	3984292	3984720	2	em_common_peak-2327	0.328923	505	797
134	chr3L	2554718	2555020	NA	em_common_peak-2226	402	chr3L	6822376	6822652	2	em_common_peak-2494	0.014453	512	1365
134	chr3L	2554718	2555020	NA	em_common_peak-2226	722	chr3L	11184582	11185052	3	em_common_peak-2814	0.293206	512	2238
147	chr3L	2731961	2732525	NA	em_common_peak-2239	149	chr3L	2736801	2737072	2	em_common_peak-2241	8.528096	547	548
147	chr3L	2731961	2732525	NA	em_common_peak-2239	150	chr3L	2737521	2737977	2	em_common_peak-2242	8.528096	547	548
148	chr3L	2732803	2733145	NA	em_common_peak-2240	149	chr3L	2736801	2737072	2	em_common_peak-2241	8.528096	547	548
148	chr3L	2732803	2733145	NA	em_common_peak-2240	150	chr3L	2737521	2737977	2	em_common_peak-2242	8.528096	547	548
163	chr3L	2867494	2867899	NA	em_common_peak-2255	174	chr3L	2952738	2953099	2	em_common_peak-2266	0.090527	574	591
165	chr3L	2880701	2881123	NA	em_common_peak-2257	171	chr3L	2917203	2917605	2	em_common_peak-2263	0.593818	577	584
170	chr3L	2914093	2914403	NA	em_common_peak-2262	174	chr3L	2952738	2953099	2	em_common_peak-2266	0.108754	583	591
182	chr3L	3105947	3106322	NA	em_common_peak-2274	452	chr3L	7359140	7359659	2	em_common_peak-2544	1.40135	622	1472
184	chr3L	3150477	3150882	NA	em_common_peak-2276	207	chr3L	3536206	3536729	2	em_common_peak-2299	0.950513	631	708
184	chr3L	3150477	3150882	NA	em_common_peak-2276	1271	chr3L	22171550	22172041	2	em_common_peak-3363	0.838288	631	4435
185	chr3L	3193722	3196888	NA	em_common_peak-2277	186	chr3L	3196913	3197511	2	em_common_peak-2278	0.421879	639	640
185	chr3L	3193722	3196888	NA	em_common_peak-2277	185	chr3L	3193722	3196888	3	em_common_peak-2277	0.421879	639	640
230	chr3L	3892999	3893400	NA	em_common_peak-2322	231	chr3L	3899423	3901790	2	em_common_peak-2323	2.289162	779	780
231	chr3L	3899423	3901790	NA	em_common_peak-2323	231	chr3L	3899423	3901790	3	em_common_peak-2323	2.078229	780	781
234	chr3L	3983987	3984284	NA	em_common_peak-2326	458	chr3L	7426754	7427148	2	em_common_peak-2550	1.167125	797	1486
234	chr3L	3983987	3984284	NA	em_common_peak-2326	589	chr3L	9425006	9425434	2	em_common_peak-2681	0.175461	797	1886
235	chr3L	3984292	3984720	NA	em_common_peak-2327	458	chr3L	7426754	7427148	2	em_common_peak-2550	1.167125	797	1486
235	chr3L	3984292	3984720	NA	em_common_peak-2327	589	chr3L	9425006	9425434	2	em_common_peak-2681	0.175461	797	1886
245	chr3L	4170248	4170362	NA	em_common_peak-2337	245	chr3L	4170248	4170362	2	em_common_peak-2337	0.039406	834	835
245	chr3L	4170248	4170362	NA	em_common_peak-2337	246	chr3L	4171688	4172078	2	em_common_peak-2338	0.039406	834	835
244	chr3L	4168679	4169159	NA	em_common_peak-2336	245	chr3L	4170248	4170362	2	em_common_peak-2337	0.039406	834	835
244	chr3L	4168679	4169159	NA	em_common_peak-2336	246	chr3L	4171688	4172078	2	em_common_peak-2338	0.039406	834	835
249	chr3L	4253015	4253384	NA	em_common_peak-2341	288	chr3L	4965170	4965614	2	em_common_peak-2380	2.099534	851	994
257	chr3L	4417537	4417936	NA	em_common_peak-2349	352	chr3L	5795099	5795544	1	em_common_peak-2444	2.513684	884	1159
257	chr3L	4417537	4417936	NA	em_common_peak-2349	351	chr3L	5793187	5794104	2	em_common_peak-2443	2.513684	884	1159
258	chr3L	4418141	4418427	NA	em_common_peak-2350	352	chr3L	5795099	5795544	1	em_common_peak-2444	2.513684	884	1159
258	chr3L	4418141	4418427	NA	em_common_peak-2350	351	chr3L	5793187	5794104	2	em_common_peak-2443	2.513684	884	1159
256	chr3L	4414908	4415179	NA	em_common_peak-2348	352	chr3L	5795099	5795544	1	em_common_peak-2444	2.513684	884	1159
256	chr3L	4414908	4415179	NA	em_common_peak-2348	351	chr3L	5793187	5794104	2	em_common_peak-2443	2.513684	884	1159
266	chr3L	4470288	4470717	NA	em_common_peak-2358	771	chr3L	11985220	11985587	2	em_common_peak-2863	1.558999	895	2398
267	chr3L	4471971	4472412	NA	em_common_peak-2359	771	chr3L	11985220	11985587	2	em_common_peak-2863	1.558999	895	2398
272	chr3L	4586422	4586813	NA	em_common_peak-2364	673	chr3L	10629442	10629777	2	em_common_peak-2765	1.480395	918	2126
304	chr3L	5194639	5195093	NA	em_common_peak-2396	305	chr3L	5197153	5197579	2	em_common_peak-2397	1.257057	1039	1040
304	chr3L	5194639	5195093	NA	em_common_peak-2396	304	chr3L	5194639	5195093	3	em_common_peak-2396	1.257057	1039	1040
303	chr3L	5189166	5189592	NA	em_common_peak-2395	305	chr3L	5197153	5197579	2	em_common_peak-2397	1.257057	1039	1040
303	chr3L	5189166	5189592	NA	em_common_peak-2395	304	chr3L	5194639	5195093	3	em_common_peak-2396	1.257057	1039	1040
306	chr3L	5202975	5203243	NA	em_common_peak-2398	522	chr3L	8378800	8379157	2	em_common_peak-2614	2.670962	1041	1676
307	chr3L	5203607	5204088	NA	em_common_peak-2399	522	chr3L	8378800	8379157	2	em_common_peak-2614	2.670962	1041	1676
322	chr3L	5319683	5320110	NA	em_common_peak-2414	418	chr3L	6977795	6978268	2	em_common_peak-2510	0.054219	1065	1396
324	chr3L	5360040	5360383	NA	em_common_peak-2416	325	chr3L	5368716	5368977	2	em_common_peak-2417	5.459786	1073	1074
325	chr3L	5368716	5368977	NA	em_common_peak-2417	326	chr3L	5371112	5371574	2	em_common_peak-2418	0.106754	1074	1075
329	chr3L	5404878	5405317	NA	em_common_peak-2421	330	chr3L	5443477	5443957	2	em_common_peak-2422	2.060663	1082	1089
338	chr3L	5634375	5634723	NA	em_common_peak-2430	339	chr3L	5638858	5639281	2	em_common_peak-2431	2.11633	1127	1128
338	chr3L	5634375	5634723	NA	em_common_peak-2430	338	chr3L	5634375	5634723	4	em_common_peak-2430	2.11633	1127	1128
345	chr3L	5680515	5680925	NA	em_common_peak-2437	545	chr3L	8675093	8675548	1	em_common_peak-2637	1.060048	1137	1735
345	chr3L	5680515	5680925	NA	em_common_peak-2437	544	chr3L	8670688	8671538	2	em_common_peak-2636	1.060048	1137	1735
345	chr3L	5680515	5680925	NA	em_common_peak-2437	543	chr3L	8669228	8669590	4	em_common_peak-2635	1.060048	1137	1735
346	chr3L	5681014	5681515	NA	em_common_peak-2438	545	chr3L	8675093	8675548	1	em_common_peak-2637	1.060048	1137	1735
346	chr3L	5681014	5681515	NA	em_common_peak-2438	544	chr3L	8670688	8671538	2	em_common_peak-2636	1.060048	1137	1735
346	chr3L	5681014	5681515	NA	em_common_peak-2438	543	chr3L	8669228	8669590	4	em_common_peak-2635	1.060048	1137	1735
347	chr3L	5704233	5705021	NA	em_common_peak-2439	347	chr3L	5704233	5705021	3	em_common_peak-2439	0.189447	1141	1142
354	chr3L	5831737	5832576	NA	em_common_peak-2446	368	chr3L	6051546	6051905	2	em_common_peak-2460	0.018536	1167	1211
354	chr3L	5831737	5832576	NA	em_common_peak-2446	478	chr3L	7802032	7802285	2	em_common_peak-2570	0.05611	1167	1561
355	chr3L	5834269	5834716	NA	em_common_peak-2447	368	chr3L	6051546	6051905	2	em_common_peak-2460	0.018536	1167	1211
355	chr3L	5834269	5834716	NA	em_common_peak-2447	478	chr3L	7802032	7802285	2	em_common_peak-2570	0.05611	1167	1561
376	chr3L	6335183	6335777	NA	em_common_peak-2468	378	chr3L	6344705	6345105	3	em_common_peak-2470	1.962518	1268	1270
377	chr3L	6339386	6340089	NA	em_common_peak-2469	378	chr3L	6344705	6345105	3	em_common_peak-2470	1.962518	1268	1270
401	chr3L	6806932	6807387	NA	em_common_peak-2493	429	chr3L	7154087	7154489	2	em_common_peak-2521	0.062628	1362	1431
410	chr3L	6941527	6941993	NA	em_common_peak-2502	413	chr3L	6946458	6946881	2	em_common_peak-2505	0.019681	1389	1390
410	chr3L	6941527	6941993	NA	em_common_peak-2502	414	chr3L	6947254	6947931	2	em_common_peak-2506	0.019681	1389	1390
410	chr3L	6941527	6941993	NA	em_common_peak-2502	415	chr3L	6947976	6948343	2	em_common_peak-2507	0.019681	1389	1390
411	chr3L	6942872	6943411	NA	em_common_peak-2503	413	chr3L	6946458	6946881	2	em_common_peak-2505	0.019681	1389	1390
411	chr3L	6942872	6943411	NA	em_common_peak-2503	414	chr3L	6947254	6947931	2	em_common_peak-2506	0.019681	1389	1390
411	chr3L	6942872	6943411	NA	em_common_peak-2503	415	chr3L	6947976	6948343	2	em_common_peak-2507	0.019681	1389	1390
412	chr3L	6943493	6944021	NA	em_common_peak-2504	413	chr3L	6946458	6946881	2	em_common_peak-2505	0.019681	1389	1390
412	chr3L	6943493	6944021	NA	em_common_peak-2504	414	chr3L	6947254	6947931	2	em_common_peak-2506	0.019681	1389	1390
412	chr3L	6943493	6944021	NA	em_common_peak-2504	415	chr3L	6947976	6948343	2	em_common_peak-2507	0.019681	1389	1390
416	chr3L	6957480	6958027	NA	em_common_peak-2508	473	chr3L	7776209	7776530	2	em_common_peak-2565	9.598517	1392	1556
416	chr3L	6957480	6958027	NA	em_common_peak-2508	474	chr3L	7777298	7777715	2	em_common_peak-2566	9.598517	1392	1556
418	chr3L	6977795	6978268	NA	em_common_peak-2510	511	chr3L	8226409	8226813	2	em_common_peak-2603	0.047131	1396	1646
425	chr3L	7099256	7099673	NA	em_common_peak-2517	426	chr3L	7103972	7104365	2	em_common_peak-2518	1.455671	1420	1421
425	chr3L	7099256	7099673	NA	em_common_peak-2517	425	chr3L	7099256	7099673	4	em_common_peak-2517	1.455671	1420	1421
425	chr3L	7099256	7099673	NA	em_common_peak-2517	719	chr3L	11149762	11150088	2	em_common_peak-2811	0.719801	1420	2230
432	chr3L	7165890	7166216	NA	em_common_peak-2524	433	chr3L	7177787	7178259	2	em_common_peak-2525	2.3248	1434	1436
432	chr3L	7165890	7166216	NA	em_common_peak-2524	434	chr3L	7178853	7179115	2	em_common_peak-2526	2.3248	1434	1436
432	chr3L	7165890	7166216	NA	em_common_peak-2524	435	chr3L	7179248	7179717	2	em_common_peak-2527	2.3248	1434	1436
436	chr3L	7196692	7197340	NA	em_common_peak-2528	522	chr3L	8378800	8379157	2	em_common_peak-2614	0.62456	1440	1676
450	chr3L	7320979	7321547	NA	em_common_peak-2542	1135	chr3L	19023479	19024003	2	em_common_peak-3227	2.359457	1465	3805
450	chr3L	7320979	7321547	NA	em_common_peak-2542	1134	chr3L	19019669	19020119	3	em_common_peak-3226	2.359457	1465	3805
465	chr3L	7599374	7599734	NA	em_common_peak-2557	476	chr3L	7795294	7795663	1	em_common_peak-2568	0.881444	1520	1559
465	chr3L	7599374	7599734	NA	em_common_peak-2557	475	chr3L	7793897	7794364	2	em_common_peak-2567	0.881444	1520	1559
465	chr3L	7599374	7599734	NA	em_common_peak-2557	635	chr3L	10345203	10345508	2	em_common_peak-2727	5.23135	1520	2070
472	chr3L	7766770	7767067	NA	em_common_peak-2564	476	chr3L	7795294	7795663	1	em_common_peak-2568	0.012044	1554	1559
472	chr3L	7766770	7767067	NA	em_common_peak-2564	475	chr3L	7793897	7794364	2	em_common_peak-2567	0.012044	1554	1559
479	chr3L	7811825	7812304	NA	em_common_peak-2571	482	chr3L	7817887	7818332	2	em_common_peak-2574	1.931951	1563	1564
479	chr3L	7811825	7812304	NA	em_common_peak-2571	481	chr3L	7814686	7815149	3	em_common_peak-2573	1.931951	1563	1564
480	chr3L	7813817	7814202	NA	em_common_peak-2572	482	chr3L	7817887	7818332	2	em_common_peak-2574	1.931951	1563	1564
480	chr3L	7813817	7814202	NA	em_common_peak-2572	481	chr3L	7814686	7815149	3	em_common_peak-2573	1.931951	1563	1564
481	chr3L	7814686	7815149	NA	em_common_peak-2573	482	chr3L	7817887	7818332	2	em_common_peak-2574	1.931951	1563	1564
481	chr3L	7814686	7815149	NA	em_common_peak-2573	481	chr3L	7814686	7815149	3	em_common_peak-2573	1.931951	1563	1564
495	chr3L	7962843	7963174	NA	em_common_peak-2587	527	chr3L	8443607	8444262	2	em_common_peak-2619	2.258415	1593	1689
495	chr3L	7962843	7963174	NA	em_common_peak-2587	528	chr3L	8444728	8445240	2	em_common_peak-2620	2.258415	1593	1689
507	chr3L	8095287	8095754	NA	em_common_peak-2599	508	chr3L	8114436	8114755	2	em_common_peak-2600	0.998268	1620	1623
514	chr3L	8310476	8310974	NA	em_common_peak-2606	519	chr3L	8365133	8365483	1	em_common_peak-2611	1.013697	1663	1673
514	chr3L	8310476	8310974	NA	em_common_peak-2606	518	chr3L	8362073	8362865	2	em_common_peak-2610	1.013697	1663	1673
515	chr3L	8313614	8313899	NA	em_common_peak-2607	519	chr3L	8365133	8365483	1	em_common_peak-2611	1.013697	1663	1673
515	chr3L	8313614	8313899	NA	em_common_peak-2607	518	chr3L	8362073	8362865	2	em_common_peak-2610	1.013697	1663	1673
516	chr3L	8325087	8325431	NA	em_common_peak-2608	517	chr3L	8334439	8334511	2	em_common_peak-2609	5.373265	1666	1667
517	chr3L	8334439	8334511	NA	em_common_peak-2609	530	chr3L	8452745	8453198	2	em_common_peak-2622	0.206035	1667	1691
517	chr3L	8334439	8334511	NA	em_common_peak-2609	529	chr3L	8449434	8449825	4	em_common_peak-2621	0.206035	1667	1691
519	chr3L	8365133	8365483	NA	em_common_peak-2611	522	chr3L	8378800	8379157	2	em_common_peak-2614	0.355756	1673	1676
518	chr3L	8362073	8362865	NA	em_common_peak-2610	522	chr3L	8378800	8379157	2	em_common_peak-2614	0.355756	1673	1676
522	chr3L	8378800	8379157	NA	em_common_peak-2614	523	chr3L	8384117	8384402	2	em_common_peak-2615	0.389998	1676	1677
526	chr3L	8432988	8433408	NA	em_common_peak-2618	529	chr3L	8449434	8449825	2	em_common_peak-2621	1.521311	1687	1690
526	chr3L	8432988	8433408	NA	em_common_peak-2618	528	chr3L	8444728	8445240	3	em_common_peak-2620	1.521311	1687	1690
530	chr3L	8452745	8453198	NA	em_common_peak-2622	606	chr3L	9708841	9709332	2	em_common_peak-2698	0.938747	1691	1942
529	chr3L	8449434	8449825	NA	em_common_peak-2621	606	chr3L	9708841	9709332	2	em_common_peak-2698	0.938747	1691	1942
542	chr3L	8668700	8669143	NA	em_common_peak-2634	545	chr3L	8675093	8675548	1	em_common_peak-2637	1.041489	1734	1735
542	chr3L	8668700	8669143	NA	em_common_peak-2634	544	chr3L	8670688	8671538	2	em_common_peak-2636	1.041489	1734	1735
542	chr3L	8668700	8669143	NA	em_common_peak-2634	543	chr3L	8669228	8669590	4	em_common_peak-2635	1.041489	1734	1735
543	chr3L	8669228	8669590	NA	em_common_peak-2635	545	chr3L	8675093	8675548	1	em_common_peak-2637	1.041489	1734	1735
543	chr3L	8669228	8669590	NA	em_common_peak-2635	544	chr3L	8670688	8671538	2	em_common_peak-2636	1.041489	1734	1735
543	chr3L	8669228	8669590	NA	em_common_peak-2635	543	chr3L	8669228	8669590	4	em_common_peak-2635	1.041489	1734	1735
545	chr3L	8675093	8675548	NA	em_common_peak-2637	546	chr3L	8680864	8681144	2	em_common_peak-2638	1.328867	1736	1737
545	chr3L	8675093	8675548	NA	em_common_peak-2637	547	chr3L	8682048	8682347	2	em_common_peak-2639	1.328867	1736	1737
546	chr3L	8680864	8681144	NA	em_common_peak-2638	548	chr3L	8686339	8686765	2	em_common_peak-2640	1.28122	1737	1738
547	chr3L	8682048	8682347	NA	em_common_peak-2639	548	chr3L	8686339	8686765	2	em_common_peak-2640	1.28122	1737	1738
558	chr3L	9041692	9042114	NA	em_common_peak-2650	907	chr3L	14556816	14557148	2	em_common_peak-2999	3.043006	1809	2912
563	chr3L	9130229	9130632	NA	em_common_peak-2655	581	chr3L	9364722	9365360	2	em_common_peak-2673	0.004908	1827	1873
564	chr3L	9138836	9139313	NA	em_common_peak-2656	570	chr3L	9187604	9188102	2	em_common_peak-2662	7.288721	1828	1838
581	chr3L	9364722	9365360	NA	em_common_peak-2673	585	chr3L	9377096	9378252	2	em_common_peak-2677	0.78905	1873	1876
581	chr3L	9364722	9365360	NA	em_common_peak-2673	584	chr3L	9375000	9375854	3	em_common_peak-2676	0.78905	1873	1876
582	chr3L	9367137	9368094	NA	em_common_peak-2674	585	chr3L	9377096	9378252	2	em_common_peak-2677	1.262354	1874	1876
582	chr3L	9367137	9368094	NA	em_common_peak-2674	584	chr3L	9375000	9375854	3	em_common_peak-2676	1.262354	1874	1876
583	chr3L	9369289	9370771	NA	em_common_peak-2675	585	chr3L	9377096	9378252	2	em_common_peak-2677	1.262354	1874	1876
583	chr3L	9369289	9370771	NA	em_common_peak-2675	584	chr3L	9375000	9375854	3	em_common_peak-2676	1.262354	1874	1876
581	chr3L	9364722	9365360	NA	em_common_peak-2673	585	chr3L	9377096	9378252	2	em_common_peak-2677	1.262354	1874	1876
581	chr3L	9364722	9365360	NA	em_common_peak-2673	584	chr3L	9375000	9375854	3	em_common_peak-2676	1.262354	1874	1876
584	chr3L	9375000	9375854	NA	em_common_peak-2676	585	chr3L	9377096	9378252	2	em_common_peak-2677	0.611037	1875	1876
584	chr3L	9375000	9375854	NA	em_common_peak-2676	584	chr3L	9375000	9375854	3	em_common_peak-2676	0.611037	1875	1876
583	chr3L	9369289	9370771	NA	em_common_peak-2675	585	chr3L	9377096	9378252	2	em_common_peak-2677	0.611037	1875	1876
583	chr3L	9369289	9370771	NA	em_common_peak-2675	584	chr3L	9375000	9375854	3	em_common_peak-2676	0.611037	1875	1876
601	chr3L	9587923	9588249	NA	em_common_peak-2693	602	chr3L	9607946	9608276	2	em_common_peak-2694	0.580901	1918	1922
602	chr3L	9607946	9608276	NA	em_common_peak-2694	613	chr3L	9874340	9874760	2	em_common_peak-2705	0.336569	1922	1975
602	chr3L	9607946	9608276	NA	em_common_peak-2694	734	chr3L	11286597	11287003	2	em_common_peak-2826	0.038522	1922	2258
602	chr3L	9607946	9608276	NA	em_common_peak-2694	735	chr3L	11287417	11287871	2	em_common_peak-2827	0.038522	1922	2258
602	chr3L	9607946	9608276	NA	em_common_peak-2694	755	chr3L	11505521	11506298	2	em_common_peak-2847	0.531046	1922	2302
607	chr3L	9750676	9751031	NA	em_common_peak-2699	608	chr3L	9757351	9757646	2	em_common_peak-2700	3.541529	1951	1952
613	chr3L	9874340	9874760	NA	em_common_peak-2705	641	chr3L	10390881	10391240	2	em_common_peak-2733	3.253039	1975	2079
629	chr3L	10318414	10319005	NA	em_common_peak-2721	646	chr3L	10436059	10436287	2	em_common_peak-2738	2.581763	2064	2088
635	chr3L	10345203	10345508	NA	em_common_peak-2727	667	chr3L	10561531	10562191	2	em_common_peak-2759	3.455413	2070	2113
642	chr3L	10402173	10402648	NA	em_common_peak-2734	643	chr3L	10408011	10408290	2	em_common_peak-2735	0.296068	2081	2082
680	chr3L	10716839	10717186	NA	em_common_peak-2772	681	chr3L	10726203	10726541	2	em_common_peak-2773	3.694817	2144	2146
680	chr3L	10716839	10717186	NA	em_common_peak-2772	682	chr3L	10728878	10729141	2	em_common_peak-2774	3.694817	2144	2146
685	chr3L	10753536	10753865	NA	em_common_peak-2777	691	chr3L	10786511	10787053	2	em_common_peak-2783	7.47199	2151	2158
685	chr3L	10753536	10753865	NA	em_common_peak-2777	692	chr3L	10788548	10788833	2	em_common_peak-2784	7.47199	2151	2158
686	chr3L	10758023	10758709	NA	em_common_peak-2778	687	chr3L	10764074	10764657	2	em_common_peak-2779	0.048043	2152	2153
689	chr3L	10772335	10772813	NA	em_common_peak-2781	939	chr3L	15298023	15298305	2	em_common_peak-3031	1.720668	2155	3060
711	chr3L	10996189	10996421	NA	em_common_peak-2803	713	chr3L	11001307	11001560	2	em_common_peak-2805	1.147924	2200	2201
711	chr3L	10996189	10996421	NA	em_common_peak-2803	714	chr3L	11001990	11002371	2	em_common_peak-2806	1.147924	2200	2201
711	chr3L	10996189	10996421	NA	em_common_peak-2803	712	chr3L	10999845	11000124	3	em_common_peak-2804	1.147924	2200	2201
712	chr3L	10999845	11000124	NA	em_common_peak-2804	713	chr3L	11001307	11001560	2	em_common_peak-2805	1.147924	2200	2201
712	chr3L	10999845	11000124	NA	em_common_peak-2804	714	chr3L	11001990	11002371	2	em_common_peak-2806	1.147924	2200	2201
712	chr3L	10999845	11000124	NA	em_common_peak-2804	712	chr3L	10999845	11000124	3	em_common_peak-2804	1.147924	2200	2201
719	chr3L	11149762	11150088	NA	em_common_peak-2811	920	chr3L	14812982	14813266	2	em_common_peak-3012	1.227368	2230	2963
732	chr3L	11270171	11270659	NA	em_common_peak-2824	744	chr3L	11410612	11410923	2	em_common_peak-2836	0.614334	2255	2283
732	chr3L	11270171	11270659	NA	em_common_peak-2824	745	chr3L	11414032	11414292	2	em_common_peak-2837	0.614334	2255	2283
733	chr3L	11282288	11282860	NA	em_common_peak-2825	1298	chr3L	23173501	23173816	2	em_common_peak-3390	0.04723	2257	4635
738	chr3L	11322413	11322878	NA	em_common_peak-2830	739	chr3L	11325885	11326076	2	em_common_peak-2831	8.341384	2265	2266
738	chr3L	11322413	11322878	NA	em_common_peak-2830	740	chr3L	11328898	11329683	2	em_common_peak-2832	8.341384	2265	2266
737	chr3L	11319090	11319775	NA	em_common_peak-2829	739	chr3L	11325885	11326076	2	em_common_peak-2831	8.341384	2265	2266
737	chr3L	11319090	11319775	NA	em_common_peak-2829	740	chr3L	11328898	11329683	2	em_common_peak-2832	8.341384	2265	2266
746	chr3L	11435528	11435774	NA	em_common_peak-2838	747	chr3L	11440786	11441044	2	em_common_peak-2839	7.416614	2288	2289
760	chr3L	11590805	11591124	NA	em_common_peak-2852	1283	chr3L	22575269	22575662	2	em_common_peak-3375	1.086686	2319	4516
761	chr3L	11619229	11619534	NA	em_common_peak-2853	782	chr3L	12117649	12118107	2	em_common_peak-2874	0.246137	2324	2424
761	chr3L	11619229	11619534	NA	em_common_peak-2853	801	chr3L	12510518	12510899	2	em_common_peak-2893	0.009639	2324	2503
761	chr3L	11619229	11619534	NA	em_common_peak-2853	802	chr3L	12513004	12513364	2	em_common_peak-2894	0.009639	2324	2503
781	chr3L	12097659	12097894	NA	em_common_peak-2873	859	chr3L	13490737	13491158	2	em_common_peak-2951	0.835709	2420	2699
792	chr3L	12300279	12300616	NA	em_common_peak-2884	793	chr3L	12321646	12322049	2	em_common_peak-2885	1.578291	2461	2465
807	chr3L	12575174	12575534	NA	em_common_peak-2899	1219	chr3L	20764311	20764496	2	em_common_peak-3311	0.576795	2515	4153
806	chr3L	12570088	12570404	NA	em_common_peak-2898	1219	chr3L	20764311	20764496	2	em_common_peak-3311	0.576795	2515	4153
809	chr3L	12581451	12582068	NA	em_common_peak-2901	857	chr3L	13474115	13475461	3	em_common_peak-2949	2.003572	2517	2696
810	chr3L	12582859	12583535	NA	em_common_peak-2902	857	chr3L	13474115	13475461	3	em_common_peak-2949	2.003572	2517	2696
808	chr3L	12579142	12579736	NA	em_common_peak-2900	857	chr3L	13474115	13475461	3	em_common_peak-2949	2.003572	2517	2696
813	chr3L	12620787	12621271	NA	em_common_peak-2905	993	chr3L	16316846	16317350	2	em_common_peak-3085	6.888974	2525	3264
837	chr3L	13110186	13110787	NA	em_common_peak-2929	1256	chr3L	21530874	21531285	2	em_common_peak-3348	2.369478	2622	4307
835	chr3L	13107201	13107704	NA	em_common_peak-2927	1256	chr3L	21530874	21531285	2	em_common_peak-3348	2.369478	2622	4307
836	chr3L	13109140	13110022	NA	em_common_peak-2928	1256	chr3L	21530874	21531285	2	em_common_peak-3348	2.369478	2622	4307
850	chr3L	13265189	13266090	NA	em_common_peak-2942	850	chr3L	13265189	13266090	2	em_common_peak-2942	1.421955	2653	2654
849	chr3L	13259993	13260321	NA	em_common_peak-2941	850	chr3L	13265189	13266090	2	em_common_peak-2942	1.421955	2653	2654
859	chr3L	13490737	13491158	NA	em_common_peak-2951	1036	chr3L	17061601	17062062	2	em_common_peak-3128	0.684389	2699	3413
889	chr3L	14030534	14030929	NA	em_common_peak-2981	891	chr3L	14035812	14036037	2	em_common_peak-2983	0.857814	2807	2808
889	chr3L	14030534	14030929	NA	em_common_peak-2981	890	chr3L	14034529	14035110	3	em_common_peak-2982	0.857814	2807	2808
890	chr3L	14034529	14035110	NA	em_common_peak-2982	891	chr3L	14035812	14036037	2	em_common_peak-2983	0.857814	2807	2808
890	chr3L	14034529	14035110	NA	em_common_peak-2982	890	chr3L	14034529	14035110	3	em_common_peak-2982	0.857814	2807	2808
897	chr3L	14264638	14265052	NA	em_common_peak-2989	1002	chr3L	16422155	16422575	2	em_common_peak-3094	1.856116	2853	3285
900	chr3L	14304927	14305338	NA	em_common_peak-2992	900	chr3L	14304927	14305338	3	em_common_peak-2992	7.600244	2861	2862
905	chr3L	14509852	14510281	NA	em_common_peak-2997	905	chr3L	14509852	14510281	3	em_common_peak-2997	9.348716	2902	2903
911	chr3L	14690229	14690422	NA	em_common_peak-3003	912	chr3L	14699658	14700032	2	em_common_peak-3004	4.643935	2939	2940
935	chr3L	15237957	15238354	NA	em_common_peak-3027	937	chr3L	15249975	15250400	3	em_common_peak-3029	1.511533	3048	3051
936	chr3L	15243517	15244009	NA	em_common_peak-3028	937	chr3L	15249975	15250400	2	em_common_peak-3029	1.541633	3049	3050
936	chr3L	15243517	15244009	NA	em_common_peak-3028	942	chr3L	15342940	15343242	2	em_common_peak-3034	1.728831	3049	3069
947	chr3L	15530094	15530542	NA	em_common_peak-3039	948	chr3L	15536371	15536839	2	em_common_peak-3040	1.92742	3107	3108
947	chr3L	15530094	15530542	NA	em_common_peak-3039	949	chr3L	15538786	15538987	2	em_common_peak-3041	1.92742	3107	3108
948	chr3L	15536371	15536839	NA	em_common_peak-3040	997	chr3L	16335628	16336095	2	em_common_peak-3089	0.22729	3108	3268
948	chr3L	15536371	15536839	NA	em_common_peak-3040	998	chr3L	16337496	16337925	2	em_common_peak-3090	0.22729	3108	3268
948	chr3L	15536371	15536839	NA	em_common_peak-3040	996	chr3L	16334943	16335437	3	em_common_peak-3088	0.22729	3108	3268
948	chr3L	15536371	15536839	NA	em_common_peak-3040	995	chr3L	16333884	16334934	4	em_common_peak-3087	0.22729	3108	3268
948	chr3L	15536371	15536839	NA	em_common_peak-3040	1007	chr3L	16455454	16455736	1	em_common_peak-3099	0.219109	3108	3291
948	chr3L	15536371	15536839	NA	em_common_peak-3040	1006	chr3L	16451725	16452147	2	em_common_peak-3098	0.219109	3108	3291
949	chr3L	15538786	15538987	NA	em_common_peak-3041	997	chr3L	16335628	16336095	2	em_common_peak-3089	0.22729	3108	3268
949	chr3L	15538786	15538987	NA	em_common_peak-3041	998	chr3L	16337496	16337925	2	em_common_peak-3090	0.22729	3108	3268
949	chr3L	15538786	15538987	NA	em_common_peak-3041	996	chr3L	16334943	16335437	3	em_common_peak-3088	0.22729	3108	3268
949	chr3L	15538786	15538987	NA	em_common_peak-3041	995	chr3L	16333884	16334934	4	em_common_peak-3087	0.22729	3108	3268
949	chr3L	15538786	15538987	NA	em_common_peak-3041	1007	chr3L	16455454	16455736	1	em_common_peak-3099	0.219109	3108	3291
949	chr3L	15538786	15538987	NA	em_common_peak-3041	1006	chr3L	16451725	16452147	2	em_common_peak-3098	0.219109	3108	3291
950	chr3L	15546383	15546687	NA	em_common_peak-3042	987	chr3L	16188547	16188930	2	em_common_peak-3079	0.264471	3110	3238
950	chr3L	15546383	15546687	NA	em_common_peak-3042	1004	chr3L	16435396	16435825	1	em_common_peak-3096	8.858241	3110	3287
950	chr3L	15546383	15546687	NA	em_common_peak-3042	1003	chr3L	16430619	16431030	2	em_common_peak-3095	8.858241	3110	3287
951	chr3L	15549954	15551048	NA	em_common_peak-3043	987	chr3L	16188547	16188930	2	em_common_peak-3079	0.264471	3110	3238
951	chr3L	15549954	15551048	NA	em_common_peak-3043	1004	chr3L	16435396	16435825	1	em_common_peak-3096	8.858241	3110	3287
951	chr3L	15549954	15551048	NA	em_common_peak-3043	1003	chr3L	16430619	16431030	2	em_common_peak-3095	8.858241	3110	3287
953	chr3L	15590490	15590848	NA	em_common_peak-3045	958	chr3L	15596115	15596430	2	em_common_peak-3050	0.032366	3119	3120
953	chr3L	15590490	15590848	NA	em_common_peak-3045	959	chr3L	15597594	15597847	2	em_common_peak-3051	0.032366	3119	3120
953	chr3L	15590490	15590848	NA	em_common_peak-3045	957	chr3L	15594976	15595402	3	em_common_peak-3049	0.032366	3119	3120
954	chr3L	15592121	15592385	NA	em_common_peak-3046	958	chr3L	15596115	15596430	2	em_common_peak-3050	0.032366	3119	3120
954	chr3L	15592121	15592385	NA	em_common_peak-3046	959	chr3L	15597594	15597847	2	em_common_peak-3051	0.032366	3119	3120
954	chr3L	15592121	15592385	NA	em_common_peak-3046	957	chr3L	15594976	15595402	3	em_common_peak-3049	0.032366	3119	3120
955	chr3L	15592539	15592995	NA	em_common_peak-3047	958	chr3L	15596115	15596430	2	em_common_peak-3050	0.032366	3119	3120
955	chr3L	15592539	15592995	NA	em_common_peak-3047	959	chr3L	15597594	15597847	2	em_common_peak-3051	0.032366	3119	3120
955	chr3L	15592539	15592995	NA	em_common_peak-3047	957	chr3L	15594976	15595402	3	em_common_peak-3049	0.032366	3119	3120
956	chr3L	15593401	15593846	NA	em_common_peak-3048	958	chr3L	15596115	15596430	2	em_common_peak-3050	0.032366	3119	3120
956	chr3L	15593401	15593846	NA	em_common_peak-3048	959	chr3L	15597594	15597847	2	em_common_peak-3051	0.032366	3119	3120
956	chr3L	15593401	15593846	NA	em_common_peak-3048	957	chr3L	15594976	15595402	3	em_common_peak-3049	0.032366	3119	3120
957	chr3L	15594976	15595402	NA	em_common_peak-3049	958	chr3L	15596115	15596430	2	em_common_peak-3050	0.032366	3119	3120
957	chr3L	15594976	15595402	NA	em_common_peak-3049	959	chr3L	15597594	15597847	2	em_common_peak-3051	0.032366	3119	3120
957	chr3L	15594976	15595402	NA	em_common_peak-3049	957	chr3L	15594976	15595402	3	em_common_peak-3049	0.032366	3119	3120
958	chr3L	15596115	15596430	NA	em_common_peak-3050	960	chr3L	15601964	15602364	2	em_common_peak-3052	0.4803	3120	3121
959	chr3L	15597594	15597847	NA	em_common_peak-3051	960	chr3L	15601964	15602364	2	em_common_peak-3052	0.4803	3120	3121
957	chr3L	15594976	15595402	NA	em_common_peak-3049	960	chr3L	15601964	15602364	2	em_common_peak-3052	0.4803	3120	3121
974	chr3L	16015353	16015806	NA	em_common_peak-3066	978	chr3L	16035448	16036039	1	em_common_peak-3070	9.254435	3204	3207
974	chr3L	16015353	16015806	NA	em_common_peak-3066	975	chr3L	16031607	16033032	2	em_common_peak-3067	9.254435	3204	3207
974	chr3L	16015353	16015806	NA	em_common_peak-3066	976	chr3L	16033521	16034069	2	em_common_peak-3068	9.254435	3204	3207
974	chr3L	16015353	16015806	NA	em_common_peak-3066	977	chr3L	16034626	16035064	2	em_common_peak-3069	9.254435	3204	3207
989	chr3L	16208013	16208251	NA	em_common_peak-3081	990	chr3L	16212148	16212674	2	em_common_peak-3082	1.592217	3242	3243
994	chr3L	16332818	16333203	NA	em_common_peak-3086	997	chr3L	16335628	16336095	2	em_common_peak-3089	0.812106	3267	3268
994	chr3L	16332818	16333203	NA	em_common_peak-3086	998	chr3L	16337496	16337925	2	em_common_peak-3090	0.812106	3267	3268
994	chr3L	16332818	16333203	NA	em_common_peak-3086	996	chr3L	16334943	16335437	3	em_common_peak-3088	0.812106	3267	3268
994	chr3L	16332818	16333203	NA	em_common_peak-3086	995	chr3L	16333884	16334934	4	em_common_peak-3087	0.812106	3267	3268
995	chr3L	16333884	16334934	NA	em_common_peak-3087	997	chr3L	16335628	16336095	2	em_common_peak-3089	0.812106	3267	3268
995	chr3L	16333884	16334934	NA	em_common_peak-3087	998	chr3L	16337496	16337925	2	em_common_peak-3090	0.812106	3267	3268
995	chr3L	16333884	16334934	NA	em_common_peak-3087	996	chr3L	16334943	16335437	3	em_common_peak-3088	0.812106	3267	3268
995	chr3L	16333884	16334934	NA	em_common_peak-3087	995	chr3L	16333884	16334934	4	em_common_peak-3087	0.812106	3267	3268
996	chr3L	16334943	16335437	NA	em_common_peak-3088	997	chr3L	16335628	16336095	2	em_common_peak-3089	0.812106	3267	3268
996	chr3L	16334943	16335437	NA	em_common_peak-3088	998	chr3L	16337496	16337925	2	em_common_peak-3090	0.812106	3267	3268
996	chr3L	16334943	16335437	NA	em_common_peak-3088	996	chr3L	16334943	16335437	3	em_common_peak-3088	0.812106	3267	3268
996	chr3L	16334943	16335437	NA	em_common_peak-3088	995	chr3L	16333884	16334934	4	em_common_peak-3087	0.812106	3267	3268
1015	chr3L	16616077	16616511	NA	em_common_peak-3107	1242	chr3L	21194091	21194464	2	em_common_peak-3334	0.269629	3324	4239
1026	chr3L	16838089	16838429	NA	em_common_peak-3118	1113	chr3L	18750199	18751271	2	em_common_peak-3205	1.971442	3368	3751
1028	chr3L	16900903	16901283	NA	em_common_peak-3120	1128	chr3L	18998560	18999225	2	em_common_peak-3220	2.083817	3381	3800
1032	chr3L	17027171	17027554	NA	em_common_peak-3124	1047	chr3L	17175219	17175581	2	em_common_peak-3139	8.935083	3406	3436
1054	chr3L	17309170	17309492	NA	em_common_peak-3146	1060	chr3L	17444019	17444377	2	em_common_peak-3152	0.467064	3462	3489
1054	chr3L	17309170	17309492	NA	em_common_peak-3146	1059	chr3L	17439141	17439579	4	em_common_peak-3151	0.467064	3462	3489
1055	chr3L	17371148	17371607	NA	em_common_peak-3147	1056	chr3L	17377014	17379424	2	em_common_peak-3148	0.815091	3475	3476
1059	chr3L	17439141	17439579	NA	em_common_peak-3151	1060	chr3L	17444019	17444377	2	em_common_peak-3152	0.379974	3488	3489
1059	chr3L	17439141	17439579	NA	em_common_peak-3151	1059	chr3L	17439141	17439579	4	em_common_peak-3151	0.379974	3488	3489
1058	chr3L	17434742	17435365	NA	em_common_peak-3150	1060	chr3L	17444019	17444377	2	em_common_peak-3152	0.379974	3488	3489
1058	chr3L	17434742	17435365	NA	em_common_peak-3150	1059	chr3L	17439141	17439579	4	em_common_peak-3151	0.379974	3488	3489
1064	chr3L	17563061	17563486	NA	em_common_peak-3156	1066	chr3L	17570508	17570817	2	em_common_peak-3158	1.539804	3513	3515
1064	chr3L	17563061	17563486	NA	em_common_peak-3156	1067	chr3L	17571016	17571455	2	em_common_peak-3159	1.539804	3513	3515
1087	chr3L	18006257	18006665	NA	em_common_peak-3179	1088	chr3L	18011833	18012266	2	em_common_peak-3180	0.086738	3602	3603
1089	chr3L	18066199	18066526	NA	em_common_peak-3181	1090	chr3L	18073060	18073600	2	em_common_peak-3182	3.522592	3614	3615
1095	chr3L	18236564	18236912	NA	em_common_peak-3187	1097	chr3L	18243997	18244461	2	em_common_peak-3189	2.663165	3648	3649
1096	chr3L	18238379	18238760	NA	em_common_peak-3188	1097	chr3L	18243997	18244461	2	em_common_peak-3189	2.663165	3648	3649
1111	chr3L	18742631	18743327	NA	em_common_peak-3203	1225	chr3L	20975035	20975377	2	em_common_peak-3317	1.022245	3749	4196
1111	chr3L	18742631	18743327	NA	em_common_peak-3203	1226	chr3L	20978345	20978746	2	em_common_peak-3318	1.022245	3749	4196
1118	chr3L	18780122	18780493	NA	em_common_peak-3210	1118	chr3L	18780122	18780493	2	em_common_peak-3210	4.168395	3756	3757
1118	chr3L	18780122	18780493	NA	em_common_peak-3210	1119	chr3L	18785891	18786370	2	em_common_peak-3211	1.530122	3756	3758
1116	chr3L	18775691	18776083	NA	em_common_peak-3208	1118	chr3L	18780122	18780493	2	em_common_peak-3210	4.168395	3756	3757
1116	chr3L	18775691	18776083	NA	em_common_peak-3208	1119	chr3L	18785891	18786370	2	em_common_peak-3211	1.530122	3756	3758
1117	chr3L	18776750	18777231	NA	em_common_peak-3209	1118	chr3L	18780122	18780493	2	em_common_peak-3210	4.168395	3756	3757
1117	chr3L	18776750	18777231	NA	em_common_peak-3209	1119	chr3L	18785891	18786370	2	em_common_peak-3211	1.530122	3756	3758
1126	chr3L	18983980	18984638	NA	em_common_peak-3218	1238	chr3L	21077684	21078164	2	em_common_peak-3330	0.674038	3797	4216
1142	chr3L	19131862	19132353	NA	em_common_peak-3234	1143	chr3L	19136924	19137422	2	em_common_peak-3235	0.595817	3827	3828
1142	chr3L	19131862	19132353	NA	em_common_peak-3234	1144	chr3L	19138757	19139237	2	em_common_peak-3236	0.595817	3827	3828
1165	chr3L	19557363	19557792	NA	em_common_peak-3257	1293	chr3L	22963758	22963964	2	em_common_peak-3385	7.001514	3912	4593
1177	chr3L	19876327	19876843	NA	em_common_peak-3269	1179	chr3L	19885194	19885518	1	em_common_peak-3271	0.648655	3976	3977
1177	chr3L	19876327	19876843	NA	em_common_peak-3269	1178	chr3L	19884184	19884676	2	em_common_peak-3270	0.648655	3976	3977
1179	chr3L	19885194	19885518	NA	em_common_peak-3271	1182	chr3L	19898606	19898872	2	em_common_peak-3274	0.017027	3977	3980
1178	chr3L	19884184	19884676	NA	em_common_peak-3270	1182	chr3L	19898606	19898872	2	em_common_peak-3274	0.017027	3977	3980
1183	chr3L	19910018	19910501	NA	em_common_peak-3275	1255	chr3L	21491518	21491902	2	em_common_peak-3347	0.267969	3983	4299
1184	chr3L	19929304	19929597	NA	em_common_peak-3276	1186	chr3L	19939809	19940266	3	em_common_peak-3278	7.368997	3986	3989
1190	chr3L	20150252	20150555	NA	em_common_peak-3282	1216	chr3L	20715191	20715505	2	em_common_peak-3308	1.889871	4030	4144
1189	chr3L	20149256	20149722	NA	em_common_peak-3281	1216	chr3L	20715191	20715505	2	em_common_peak-3308	1.889871	4030	4144
1219	chr3L	20764311	20764496	NA	em_common_peak-3311	1220	chr3L	20778165	20778615	2	em_common_peak-3312	0.246675	4153	4156
1240	chr3L	21166337	21166702	NA	em_common_peak-3332	1242	chr3L	21194091	21194464	2	em_common_peak-3334	0.290456	4234	4239
1241	chr3L	21167240	21167669	NA	em_common_peak-3333	1242	chr3L	21194091	21194464	2	em_common_peak-3334	0.290456	4234	4239
