2	chr3R	67993	68379	NA	em_common_peak-3431	3	chr3R	74993	75360	2	em_common_peak-3432	0.084895	14	15
2	chr3R	67993	68379	NA	em_common_peak-3431	1338	chr3R	25356832	25357229	2	em_common_peak-4767	0.079437	14	5072
2	chr3R	67993	68379	NA	em_common_peak-3431	1339	chr3R	25359617	25360061	2	em_common_peak-4768	0.079437	14	5072
8	chr3R	296781	297402	NA	em_common_peak-3437	536	chr3R	10605102	10605504	2	em_common_peak-3965	0.929953	60	2122
12	chr3R	464700	465110	NA	em_common_peak-3441	13	chr3R	485193	485605	2	em_common_peak-3442	1.048345	93	98
12	chr3R	464700	465110	NA	em_common_peak-3441	14	chr3R	487132	487481	2	em_common_peak-3443	1.048345	93	98
26	chr3R	652823	653263	NA	em_common_peak-3455	1111	chr3R	21298531	21298859	2	em_common_peak-4540	0.651498	131	4260
35	chr3R	822053	822431	NA	em_common_peak-3464	41	chr3R	910367	911760	1	em_common_peak-3470	1.867724	165	182
35	chr3R	822053	822431	NA	em_common_peak-3464	37	chr3R	906117	906618	2	em_common_peak-3466	1.867724	165	182
35	chr3R	822053	822431	NA	em_common_peak-3464	38	chr3R	907057	907707	2	em_common_peak-3467	1.867724	165	182
35	chr3R	822053	822431	NA	em_common_peak-3464	39	chr3R	908094	908686	2	em_common_peak-3468	1.867724	165	182
35	chr3R	822053	822431	NA	em_common_peak-3464	40	chr3R	908913	909248	2	em_common_peak-3469	1.867724	165	182
49	chr3R	1438002	1438533	NA	em_common_peak-3478	919	chr3R	18085566	18085989	2	em_common_peak-4348	4.410914	288	3618
53	chr3R	1833486	1833951	NA	em_common_peak-3482	1134	chr3R	21872152	21872559	2	em_common_peak-4563	0.151521	367	4375
62	chr3R	2065099	2065401	NA	em_common_peak-3491	63	chr3R	2074961	2075963	2	em_common_peak-3492	1.016712	413	415
60	chr3R	2061204	2062096	NA	em_common_peak-3489	63	chr3R	2074961	2075963	2	em_common_peak-3492	1.016712	413	415
61	chr3R	2062103	2062285	NA	em_common_peak-3490	63	chr3R	2074961	2075963	2	em_common_peak-3492	1.016712	413	415
64	chr3R	2120661	2120964	NA	em_common_peak-3493	363	chr3R	7697832	7698277	2	em_common_peak-3792	0.009289	425	1540
64	chr3R	2120661	2120964	NA	em_common_peak-3493	362	chr3R	7694887	7695191	3	em_common_peak-3791	0.009289	425	1540
80	chr3R	2467587	2467836	NA	em_common_peak-3509	211	chr3R	5185766	5186445	2	em_common_peak-3640	0.7322	494	1038
80	chr3R	2467587	2467836	NA	em_common_peak-3509	210	chr3R	5184456	5184747	4	em_common_peak-3639	0.7322	494	1038
84	chr3R	2512806	2513280	NA	em_common_peak-3513	85	chr3R	2518990	2519482	2	em_common_peak-3514	0.781717	503	504
86	chr3R	2558907	2559430	NA	em_common_peak-3515	87	chr3R	2563088	2563385	2	em_common_peak-3516	3.777573	512	513
88	chr3R	2608575	2608989	NA	em_common_peak-3517	613	chr3R	12255172	12255521	2	em_common_peak-4042	0.338533	522	2452
89	chr3R	2635510	2635902	NA	em_common_peak-3518	1064	chr3R	20373894	20374101	2	em_common_peak-4493	2.027111	528	4075
89	chr3R	2635510	2635902	NA	em_common_peak-3518	1063	chr3R	20369431	20369686	4	em_common_peak-4492	2.027111	528	4075
90	chr3R	2636261	2636797	NA	em_common_peak-3519	1064	chr3R	20373894	20374101	2	em_common_peak-4493	2.027111	528	4075
90	chr3R	2636261	2636797	NA	em_common_peak-3519	1063	chr3R	20369431	20369686	4	em_common_peak-4492	2.027111	528	4075
91	chr3R	2638007	2638388	NA	em_common_peak-3520	1064	chr3R	20373894	20374101	2	em_common_peak-4493	2.027111	528	4075
91	chr3R	2638007	2638388	NA	em_common_peak-3520	1063	chr3R	20369431	20369686	4	em_common_peak-4492	2.027111	528	4075
98	chr3R	2759529	2759967	NA	em_common_peak-3527	857	chr3R	17259959	17260388	3	em_common_peak-4286	1.411106	552	3453
107	chr3R	2907013	2907259	NA	em_common_peak-3536	243	chr3R	5709109	5709477	2	em_common_peak-3672	1.676596	582	1142
108	chr3R	2909236	2909492	NA	em_common_peak-3537	243	chr3R	5709109	5709477	2	em_common_peak-3672	1.676596	582	1142
113	chr3R	2940703	2940949	NA	em_common_peak-3542	802	chr3R	15629529	15629811	2	em_common_peak-4231	5.504011	589	3126
114	chr3R	3107773	3108225	NA	em_common_peak-3543	517	chr3R	10474680	10475080	3	em_common_peak-3946	2.045313	622	2096
115	chr3R	3109268	3109671	NA	em_common_peak-3544	517	chr3R	10474680	10475080	3	em_common_peak-3946	2.045313	622	2096
119	chr3R	3311237	3312024	NA	em_common_peak-3548	1041	chr3R	20040008	20040537	2	em_common_peak-4470	0.043128	663	4009
119	chr3R	3311237	3312024	NA	em_common_peak-3548	1042	chr3R	20041743	20042029	2	em_common_peak-4471	0.043128	663	4009
119	chr3R	3311237	3312024	NA	em_common_peak-3548	1043	chr3R	20044226	20044718	2	em_common_peak-4472	0.043128	663	4009
136	chr3R	3932230	3932601	NA	em_common_peak-3565	137	chr3R	3939387	3939659	2	em_common_peak-3566	3.056867	787	788
138	chr3R	3946189	3947074	NA	em_common_peak-3567	434	chr3R	9367526	9367977	2	em_common_peak-3863	0.888553	790	1874
140	chr3R	3977861	3978642	NA	em_common_peak-3569	141	chr3R	3983533	3983982	2	em_common_peak-3570	6.01827	796	797
164	chr3R	4471442	4471843	NA	em_common_peak-3593	166	chr3R	4495278	4495483	1	em_common_peak-3595	0.189852	895	899
164	chr3R	4471442	4471843	NA	em_common_peak-3593	165	chr3R	4493808	4494072	2	em_common_peak-3594	0.189852	895	899
166	chr3R	4495278	4495483	NA	em_common_peak-3595	166	chr3R	4495278	4495483	2	em_common_peak-3595	0.71145	899	900
165	chr3R	4493808	4494072	NA	em_common_peak-3594	166	chr3R	4495278	4495483	2	em_common_peak-3595	0.71145	899	900
166	chr3R	4495278	4495483	NA	em_common_peak-3595	521	chr3R	10522791	10523147	2	em_common_peak-3950	0.234482	900	2105
166	chr3R	4495278	4495483	NA	em_common_peak-3595	522	chr3R	10524114	10524383	2	em_common_peak-3951	0.234482	900	2105
168	chr3R	4642792	4644969	NA	em_common_peak-3597	638	chr3R	12879526	12879970	2	em_common_peak-4067	0.816697	929	2576
174	chr3R	4768320	4768645	NA	em_common_peak-3603	254	chr3R	5810684	5811585	2	em_common_peak-3683	0.095873	954	1163
174	chr3R	4768320	4768645	NA	em_common_peak-3603	255	chr3R	5812408	5814173	2	em_common_peak-3684	0.095873	954	1163
201	chr3R	5115289	5115804	NA	em_common_peak-3630	347	chr3R	7471003	7471864	2	em_common_peak-3776	3.374173	1024	1495
201	chr3R	5115289	5115804	NA	em_common_peak-3630	348	chr3R	7474561	7474952	2	em_common_peak-3777	3.374173	1024	1495
214	chr3R	5226022	5226525	NA	em_common_peak-3643	223	chr3R	5304108	5304428	2	em_common_peak-3652	4.120526	1046	1061
217	chr3R	5257954	5258426	NA	em_common_peak-3646	221	chr3R	5270092	5270569	1	em_common_peak-3650	0.861633	1052	1054
217	chr3R	5257954	5258426	NA	em_common_peak-3646	219	chr3R	5267495	5268111	2	em_common_peak-3648	0.861633	1052	1054
217	chr3R	5257954	5258426	NA	em_common_peak-3646	220	chr3R	5268221	5268688	2	em_common_peak-3649	0.861633	1052	1054
218	chr3R	5262301	5262926	NA	em_common_peak-3647	221	chr3R	5270092	5270569	1	em_common_peak-3650	0.952077	1053	1054
218	chr3R	5262301	5262926	NA	em_common_peak-3647	219	chr3R	5267495	5268111	2	em_common_peak-3648	0.952077	1053	1054
218	chr3R	5262301	5262926	NA	em_common_peak-3647	220	chr3R	5268221	5268688	2	em_common_peak-3649	0.952077	1053	1054
221	chr3R	5270092	5270569	NA	em_common_peak-3650	225	chr3R	5334153	5334513	2	em_common_peak-3654	0.591264	1054	1067
219	chr3R	5267495	5268111	NA	em_common_peak-3648	225	chr3R	5334153	5334513	2	em_common_peak-3654	0.591264	1054	1067
220	chr3R	5268221	5268688	NA	em_common_peak-3649	225	chr3R	5334153	5334513	2	em_common_peak-3654	0.591264	1054	1067
221	chr3R	5270092	5270569	NA	em_common_peak-3650	463	chr3R	9738232	9738623	2	em_common_peak-3892	8.952631	1055	1948
222	chr3R	5271794	5272456	NA	em_common_peak-3651	463	chr3R	9738232	9738623	2	em_common_peak-3892	8.952631	1055	1948
230	chr3R	5402231	5402592	NA	em_common_peak-3659	455	chr3R	9620457	9620760	2	em_common_peak-3884	0.008288	1081	1925
231	chr3R	5404308	5404751	NA	em_common_peak-3660	455	chr3R	9620457	9620760	2	em_common_peak-3884	0.008288	1081	1925
233	chr3R	5442648	5442953	NA	em_common_peak-3662	235	chr3R	5447705	5448068	2	em_common_peak-3664	0.044606	1089	1090
233	chr3R	5442648	5442953	NA	em_common_peak-3662	234	chr3R	5444922	5445276	3	em_common_peak-3663	0.044606	1089	1090
234	chr3R	5444922	5445276	NA	em_common_peak-3663	235	chr3R	5447705	5448068	2	em_common_peak-3664	0.044606	1089	1090
234	chr3R	5444922	5445276	NA	em_common_peak-3663	234	chr3R	5444922	5445276	3	em_common_peak-3663	0.044606	1089	1090
235	chr3R	5447705	5448068	NA	em_common_peak-3664	236	chr3R	5453977	5454376	2	em_common_peak-3665	0.009067	1090	1091
234	chr3R	5444922	5445276	NA	em_common_peak-3663	236	chr3R	5453977	5454376	2	em_common_peak-3665	0.009067	1090	1091
253	chr3R	5804783	5805570	NA	em_common_peak-3682	461	chr3R	9693173	9693469	2	em_common_peak-3890	0.457783	1162	1939
253	chr3R	5804783	5805570	NA	em_common_peak-3682	460	chr3R	9689683	9689950	4	em_common_peak-3889	0.457783	1162	1939
254	chr3R	5810684	5811585	NA	em_common_peak-3683	687	chr3R	13898355	13898903	2	em_common_peak-4116	1.807577	1163	2780
255	chr3R	5812408	5814173	NA	em_common_peak-3684	687	chr3R	13898355	13898903	2	em_common_peak-4116	1.807577	1163	2780
256	chr3R	5858819	5859135	NA	em_common_peak-3685	540	chr3R	10717753	10718501	2	em_common_peak-3969	9.225808	1172	2144
258	chr3R	5919791	5920133	NA	em_common_peak-3687	259	chr3R	5928572	5929298	2	em_common_peak-3688	7.023022	1185	1186
280	chr3R	6393443	6393790	NA	em_common_peak-3709	1310	chr3R	25036342	25036681	2	em_common_peak-4739	1.83384	1279	5008
282	chr3R	6408430	6408891	NA	em_common_peak-3711	828	chr3R	16511652	16512063	2	em_common_peak-4257	0.014039	1282	3303
282	chr3R	6408430	6408891	NA	em_common_peak-3711	1161	chr3R	22391971	22392319	2	em_common_peak-4590	0.084549	1282	4479
282	chr3R	6408430	6408891	NA	em_common_peak-3711	1162	chr3R	22393575	22394031	2	em_common_peak-4591	0.084549	1282	4479
283	chr3R	6410767	6411258	NA	em_common_peak-3712	1379	chr3R	26306090	26306358	2	em_common_peak-4808	0.252638	1283	5262
284	chr3R	6411423	6411897	NA	em_common_peak-3713	1379	chr3R	26306090	26306358	2	em_common_peak-4808	0.252638	1283	5262
285	chr3R	6412051	6413114	NA	em_common_peak-3714	1379	chr3R	26306090	26306358	2	em_common_peak-4808	0.252638	1283	5262
286	chr3R	6414391	6414949	NA	em_common_peak-3715	1379	chr3R	26306090	26306358	2	em_common_peak-4808	0.252638	1283	5262
299	chr3R	6710454	6710863	NA	em_common_peak-3728	337	chr3R	7394869	7395200	2	em_common_peak-3766	0.637016	1343	1479
328	chr3R	7185064	7185551	NA	em_common_peak-3757	328	chr3R	7185064	7185551	2	em_common_peak-3757	6.76056	1437	1438
328	chr3R	7185064	7185551	NA	em_common_peak-3757	327	chr3R	7184188	7184638	4	em_common_peak-3756	6.76056	1437	1438
326	chr3R	7183382	7183895	NA	em_common_peak-3755	328	chr3R	7185064	7185551	2	em_common_peak-3757	6.76056	1437	1438
326	chr3R	7183382	7183895	NA	em_common_peak-3755	327	chr3R	7184188	7184638	4	em_common_peak-3756	6.76056	1437	1438
327	chr3R	7184188	7184638	NA	em_common_peak-3756	328	chr3R	7185064	7185551	2	em_common_peak-3757	6.76056	1437	1438
327	chr3R	7184188	7184638	NA	em_common_peak-3756	327	chr3R	7184188	7184638	4	em_common_peak-3756	6.76056	1437	1438
329	chr3R	7191188	7191534	NA	em_common_peak-3758	330	chr3R	7198347	7198779	2	em_common_peak-3759	0.854679	1439	1440
333	chr3R	7228413	7228866	NA	em_common_peak-3762	1311	chr3R	25046709	25047129	2	em_common_peak-4740	0.283816	1446	5010
338	chr3R	7421522	7422130	NA	em_common_peak-3767	1215	chr3R	23262980	23263375	2	em_common_peak-4644	1.564451	1485	4653
338	chr3R	7421522	7422130	NA	em_common_peak-3767	1214	chr3R	23259160	23259514	4	em_common_peak-4643	1.564451	1485	4653
339	chr3R	7423201	7423529	NA	em_common_peak-3768	1215	chr3R	23262980	23263375	2	em_common_peak-4644	1.564451	1485	4653
339	chr3R	7423201	7423529	NA	em_common_peak-3768	1214	chr3R	23259160	23259514	4	em_common_peak-4643	1.564451	1485	4653
340	chr3R	7424454	7424709	NA	em_common_peak-3769	1215	chr3R	23262980	23263375	2	em_common_peak-4644	1.564451	1485	4653
340	chr3R	7424454	7424709	NA	em_common_peak-3769	1214	chr3R	23259160	23259514	4	em_common_peak-4643	1.564451	1485	4653
356	chr3R	7595143	7595559	NA	em_common_peak-3785	400	chr3R	8724914	8725313	3	em_common_peak-3829	4.929952	1519	1746
355	chr3R	7591888	7592384	NA	em_common_peak-3784	400	chr3R	8724914	8725313	3	em_common_peak-3829	4.929952	1519	1746
354	chr3R	7589428	7590085	NA	em_common_peak-3783	400	chr3R	8724914	8725313	3	em_common_peak-3829	4.929952	1519	1746
365	chr3R	7784220	7786637	NA	em_common_peak-3794	365	chr3R	7784220	7786637	3	em_common_peak-3794	2.585073	1557	1558
365	chr3R	7784220	7786637	NA	em_common_peak-3794	713	chr3R	14246924	14247216	2	em_common_peak-4142	0.542269	1557	2850
364	chr3R	7779883	7782306	NA	em_common_peak-3793	365	chr3R	7784220	7786637	3	em_common_peak-3794	2.585073	1557	1558
364	chr3R	7779883	7782306	NA	em_common_peak-3793	713	chr3R	14246924	14247216	2	em_common_peak-4142	0.542269	1557	2850
391	chr3R	8403686	8404080	NA	em_common_peak-3820	1234	chr3R	23562137	23562568	2	em_common_peak-4663	0.024045	1681	4713
396	chr3R	8595545	8595985	NA	em_common_peak-3825	401	chr3R	8751308	8751824	2	em_common_peak-3830	7.626326	1720	1751
411	chr3R	8887964	8888532	NA	em_common_peak-3840	1358	chr3R	25925139	25925581	2	em_common_peak-4787	2.553262	1778	5186
412	chr3R	8889519	8889793	NA	em_common_peak-3841	1358	chr3R	25925139	25925581	2	em_common_peak-4787	2.553262	1778	5186
421	chr3R	9252162	9253606	NA	em_common_peak-3850	648	chr3R	13255734	13256135	2	em_common_peak-4077	1.308759	1851	2652
446	chr3R	9475558	9476278	NA	em_common_peak-3875	447	chr3R	9484350	9484891	2	em_common_peak-3876	0.047204	1896	1897
453	chr3R	9565119	9565544	NA	em_common_peak-3882	454	chr3R	9572988	9573388	2	em_common_peak-3883	0.699599	1914	1915
453	chr3R	9565119	9565544	NA	em_common_peak-3882	603	chr3R	11983732	11984140	2	em_common_peak-4032	0.768194	1914	2397
453	chr3R	9565119	9565544	NA	em_common_peak-3882	604	chr3R	11984497	11984887	2	em_common_peak-4033	0.768194	1914	2397
456	chr3R	9633226	9633513	NA	em_common_peak-3885	611	chr3R	12165161	12165469	1	em_common_peak-4040	0.562146	1927	2433
456	chr3R	9633226	9633513	NA	em_common_peak-3885	610	chr3R	12164128	12164480	2	em_common_peak-4039	0.562146	1927	2433
478	chr3R	9881500	9882052	NA	em_common_peak-3907	482	chr3R	9901377	9901674	2	em_common_peak-3911	1.251286	1977	1981
478	chr3R	9881500	9882052	NA	em_common_peak-3907	481	chr3R	9899857	9900243	3	em_common_peak-3910	1.251286	1977	1981
480	chr3R	9894509	9894833	NA	em_common_peak-3909	516	chr3R	10468317	10468714	2	em_common_peak-3945	5.907324	1979	2094
480	chr3R	9894509	9894833	NA	em_common_peak-3909	828	chr3R	16511652	16512063	2	em_common_peak-4257	2.991355	1979	3303
482	chr3R	9901377	9901674	NA	em_common_peak-3911	935	chr3R	18451829	18452130	2	em_common_peak-4364	0.527437	1981	3691
482	chr3R	9901377	9901674	NA	em_common_peak-3911	934	chr3R	18449885	18450637	3	em_common_peak-4363	0.527437	1981	3691
481	chr3R	9899857	9900243	NA	em_common_peak-3910	935	chr3R	18451829	18452130	2	em_common_peak-4364	0.527437	1981	3691
481	chr3R	9899857	9900243	NA	em_common_peak-3910	934	chr3R	18449885	18450637	3	em_common_peak-4363	0.527437	1981	3691
496	chr3R	10195589	10195885	NA	em_common_peak-3925	497	chr3R	10208049	10208471	2	em_common_peak-3926	3.252508	2040	2042
504	chr3R	10277152	10277595	NA	em_common_peak-3933	505	chr3R	10281938	10282313	2	em_common_peak-3934	3.658311	2056	2057
510	chr3R	10373702	10374170	NA	em_common_peak-3939	645	chr3R	13195045	13195285	2	em_common_peak-4074	7.078874	2075	2640
513	chr3R	10395085	10395433	NA	em_common_peak-3942	617	chr3R	12347917	12348388	2	em_common_peak-4046	0.118595	2080	2470
518	chr3R	10501539	10501933	NA	em_common_peak-3947	1228	chr3R	23467835	23468225	2	em_common_peak-4657	0.043473	2101	4694
519	chr3R	10503719	10504167	NA	em_common_peak-3948	1228	chr3R	23467835	23468225	2	em_common_peak-4657	0.043473	2101	4694
521	chr3R	10522791	10523147	NA	em_common_peak-3950	556	chr3R	11068236	11069111	2	em_common_peak-3985	0.000622	2105	2214
521	chr3R	10522791	10523147	NA	em_common_peak-3950	557	chr3R	11069193	11069692	2	em_common_peak-3986	0.000622	2105	2214
521	chr3R	10522791	10523147	NA	em_common_peak-3950	558	chr3R	11069967	11072093	2	em_common_peak-3987	0.000622	2105	2214
522	chr3R	10524114	10524383	NA	em_common_peak-3951	556	chr3R	11068236	11069111	2	em_common_peak-3985	0.000622	2105	2214
522	chr3R	10524114	10524383	NA	em_common_peak-3951	557	chr3R	11069193	11069692	2	em_common_peak-3986	0.000622	2105	2214
522	chr3R	10524114	10524383	NA	em_common_peak-3951	558	chr3R	11069967	11072093	2	em_common_peak-3987	0.000622	2105	2214
572	chr3R	11290312	11290809	NA	em_common_peak-4001	574	chr3R	11323906	11324391	2	em_common_peak-4003	1.207504	2258	2265
569	chr3R	11285679	11285996	NA	em_common_peak-3998	574	chr3R	11323906	11324391	2	em_common_peak-4003	1.207504	2258	2265
570	chr3R	11287797	11288090	NA	em_common_peak-3999	574	chr3R	11323906	11324391	2	em_common_peak-4003	1.207504	2258	2265
571	chr3R	11289896	11290186	NA	em_common_peak-4000	574	chr3R	11323906	11324391	2	em_common_peak-4003	1.207504	2258	2265
588	chr3R	11639904	11640330	NA	em_common_peak-4017	588	chr3R	11639904	11640330	3	em_common_peak-4017	1.085165	2328	2329
593	chr3R	11756311	11756563	NA	em_common_peak-4022	828	chr3R	16511652	16512063	2	em_common_peak-4257	0.389859	2352	3303
597	chr3R	11825025	11825416	NA	em_common_peak-4026	1309	chr3R	25020161	25020604	2	em_common_peak-4738	0.010596	2365	5005
595	chr3R	11820102	11820580	NA	em_common_peak-4024	1309	chr3R	25020161	25020604	2	em_common_peak-4738	0.010596	2365	5005
596	chr3R	11820737	11821419	NA	em_common_peak-4025	1309	chr3R	25020161	25020604	2	em_common_peak-4738	0.010596	2365	5005
601	chr3R	11936608	11937055	NA	em_common_peak-4030	611	chr3R	12165161	12165469	1	em_common_peak-4040	1.071933	2388	2433
601	chr3R	11936608	11937055	NA	em_common_peak-4030	610	chr3R	12164128	12164480	2	em_common_peak-4039	1.071933	2388	2433
620	chr3R	12414748	12415128	NA	em_common_peak-4049	944	chr3R	18556818	18557077	2	em_common_peak-4373	0.245453	2484	3712
620	chr3R	12414748	12415128	NA	em_common_peak-4049	943	chr3R	18554524	18554899	4	em_common_peak-4372	0.245453	2484	3712
631	chr3R	12757550	12757917	NA	em_common_peak-4060	1174	chr3R	22537501	22537810	2	em_common_peak-4603	2.236331	2552	4508
632	chr3R	12758126	12759042	NA	em_common_peak-4061	1174	chr3R	22537501	22537810	2	em_common_peak-4603	2.236331	2552	4508
633	chr3R	12759210	12759608	NA	em_common_peak-4062	1174	chr3R	22537501	22537810	2	em_common_peak-4603	2.236331	2552	4508
634	chr3R	12759784	12760282	NA	em_common_peak-4063	1174	chr3R	22537501	22537810	2	em_common_peak-4603	2.236331	2552	4508
639	chr3R	12885781	12886174	NA	em_common_peak-4068	640	chr3R	12897460	12897823	2	em_common_peak-4069	0.838703	2578	2580
643	chr3R	13107434	13107886	NA	em_common_peak-4072	846	chr3R	17030497	17030877	1	em_common_peak-4275	0.052493	2622	3406
643	chr3R	13107434	13107886	NA	em_common_peak-4072	845	chr3R	17027480	17028033	2	em_common_peak-4274	0.052493	2622	3406
653	chr3R	13440129	13440467	NA	em_common_peak-4082	1059	chr3R	20293351	20293791	2	em_common_peak-4488	3.517204	2689	4059
658	chr3R	13536568	13537060	NA	em_common_peak-4087	805	chr3R	15711558	15711801	2	em_common_peak-4234	0.543083	2708	3143
681	chr3R	13864538	13864865	NA	em_common_peak-4110	900	chr3R	17884566	17885050	3	em_common_peak-4329	0.043253	2773	3578
682	chr3R	13867031	13867338	NA	em_common_peak-4111	925	chr3R	18247377	18247819	2	em_common_peak-4354	0.656465	2774	3650
683	chr3R	13869217	13869662	NA	em_common_peak-4112	925	chr3R	18247377	18247819	2	em_common_peak-4354	0.656465	2774	3650
681	chr3R	13864538	13864865	NA	em_common_peak-4110	925	chr3R	18247377	18247819	2	em_common_peak-4354	0.656465	2774	3650
688	chr3R	13909163	13909460	NA	em_common_peak-4117	829	chr3R	16579120	16579182	2	em_common_peak-4258	2.017313	2782	3316
728	chr3R	14481244	14481510	NA	em_common_peak-4157	802	chr3R	15629529	15629811	2	em_common_peak-4231	0.044806	2897	3126
729	chr3R	14482015	14482493	NA	em_common_peak-4158	802	chr3R	15629529	15629811	2	em_common_peak-4231	0.044806	2897	3126
751	chr3R	14793951	14794506	NA	em_common_peak-4180	757	chr3R	14862304	14862892	2	em_common_peak-4186	0.177017	2959	2973
763	chr3R	14944534	14944968	NA	em_common_peak-4192	784	chr3R	15312451	15313047	2	em_common_peak-4213	2.362042	2989	3063
810	chr3R	15956192	15956640	NA	em_common_peak-4239	811	chr3R	15964515	15964894	2	em_common_peak-4240	1.96483	3192	3193
812	chr3R	15971062	15971257	NA	em_common_peak-4241	1360	chr3R	25935158	25935559	1	em_common_peak-4789	10.078609	3195	5187
812	chr3R	15971062	15971257	NA	em_common_peak-4241	1359	chr3R	25931417	25931884	2	em_common_peak-4788	10.078609	3195	5187
824	chr3R	16180881	16181321	NA	em_common_peak-4253	968	chr3R	19012011	19012259	2	em_common_peak-4397	8.611745	3237	3803
825	chr3R	16184277	16184767	NA	em_common_peak-4254	968	chr3R	19012011	19012259	2	em_common_peak-4397	8.611745	3237	3803
828	chr3R	16511652	16512063	NA	em_common_peak-4257	1206	chr3R	23113466	23113798	2	em_common_peak-4635	0.097129	3303	4623
835	chr3R	16764832	16765176	NA	em_common_peak-4264	840	chr3R	16849961	16850160	3	em_common_peak-4269	1.174229	3353	3371
836	chr3R	16774557	16775270	NA	em_common_peak-4265	839	chr3R	16784657	16785088	3	em_common_peak-4268	0.58646	3355	3358
837	chr3R	16780425	16780790	NA	em_common_peak-4266	839	chr3R	16784657	16785088	3	em_common_peak-4268	1.37134	3357	3358
838	chr3R	16783300	16783787	NA	em_common_peak-4267	839	chr3R	16784657	16785088	3	em_common_peak-4268	1.37134	3357	3358
839	chr3R	16784657	16785088	NA	em_common_peak-4268	839	chr3R	16784657	16785088	3	em_common_peak-4268	1.37134	3357	3358
839	chr3R	16784657	16785088	NA	em_common_peak-4268	840	chr3R	16849961	16850160	3	em_common_peak-4269	0.208028	3358	3371
839	chr3R	16784657	16785088	NA	em_common_peak-4268	1411	chr3R	27055015	27055327	2	em_common_peak-4840	0.540647	3358	5412
840	chr3R	16849961	16850160	NA	em_common_peak-4269	840	chr3R	16849961	16850160	3	em_common_peak-4269	0.309221	3370	3371
840	chr3R	16849961	16850160	NA	em_common_peak-4269	841	chr3R	16872452	16872710	2	em_common_peak-4270	0.6228	3371	3375
861	chr3R	17407415	17407804	NA	em_common_peak-4290	863	chr3R	17415395	17415884	1	em_common_peak-4292	2.960709	3482	3483
861	chr3R	17407415	17407804	NA	em_common_peak-4290	862	chr3R	17411667	17412218	2	em_common_peak-4291	2.960709	3482	3483
866	chr3R	17451233	17451543	NA	em_common_peak-4295	885	chr3R	17734534	17734873	2	em_common_peak-4314	4.65748	3491	3547
867	chr3R	17451694	17452393	NA	em_common_peak-4296	885	chr3R	17734534	17734873	2	em_common_peak-4314	4.65748	3491	3547
873	chr3R	17635495	17635681	NA	em_common_peak-4302	1070	chr3R	20406279	20406527	2	em_common_peak-4499	1.987014	3528	4082
873	chr3R	17635495	17635681	NA	em_common_peak-4302	1071	chr3R	20406732	20407146	2	em_common_peak-4500	1.987014	3528	4082
874	chr3R	17639030	17639715	NA	em_common_peak-4303	1070	chr3R	20406279	20406527	2	em_common_peak-4499	1.987014	3528	4082
874	chr3R	17639030	17639715	NA	em_common_peak-4303	1071	chr3R	20406732	20407146	2	em_common_peak-4500	1.987014	3528	4082
893	chr3R	17823256	17823683	NA	em_common_peak-4322	894	chr3R	17827484	17828127	2	em_common_peak-4323	2.186399	3565	3566
893	chr3R	17823256	17823683	NA	em_common_peak-4322	895	chr3R	17828703	17829219	2	em_common_peak-4324	2.186399	3565	3566
894	chr3R	17827484	17828127	NA	em_common_peak-4323	921	chr3R	18111681	18112094	2	em_common_peak-4350	0.951014	3566	3623
894	chr3R	17827484	17828127	NA	em_common_peak-4323	922	chr3R	18113532	18113816	2	em_common_peak-4351	0.951014	3566	3623
895	chr3R	17828703	17829219	NA	em_common_peak-4324	921	chr3R	18111681	18112094	2	em_common_peak-4350	0.951014	3566	3623
895	chr3R	17828703	17829219	NA	em_common_peak-4324	922	chr3R	18113532	18113816	2	em_common_peak-4351	0.951014	3566	3623
911	chr3R	18018762	18019140	NA	em_common_peak-4340	1079	chr3R	20639605	20639938	2	em_common_peak-4508	1.727615	3604	4128
910	chr3R	18014835	18015220	NA	em_common_peak-4339	1079	chr3R	20639605	20639938	2	em_common_peak-4508	1.727615	3604	4128
917	chr3R	18080936	18081406	NA	em_common_peak-4346	1184	chr3R	22702714	22703063	2	em_common_peak-4613	4.591852	3617	4541
917	chr3R	18080936	18081406	NA	em_common_peak-4346	1185	chr3R	22703989	22704496	2	em_common_peak-4614	4.591852	3617	4541
918	chr3R	18083438	18083763	NA	em_common_peak-4347	1184	chr3R	22702714	22703063	2	em_common_peak-4613	4.591852	3617	4541
918	chr3R	18083438	18083763	NA	em_common_peak-4347	1185	chr3R	22703989	22704496	2	em_common_peak-4614	4.591852	3617	4541
943	chr3R	18554524	18554899	NA	em_common_peak-4372	944	chr3R	18556818	18557077	2	em_common_peak-4373	1.258498	3711	3712
943	chr3R	18554524	18554899	NA	em_common_peak-4372	943	chr3R	18554524	18554899	4	em_common_peak-4372	1.258498	3711	3712
954	chr3R	18737157	18737809	NA	em_common_peak-4383	955	chr3R	18742531	18742932	2	em_common_peak-4384	1.307137	3748	3749
954	chr3R	18737157	18737809	NA	em_common_peak-4383	1064	chr3R	20373894	20374101	2	em_common_peak-4493	1.125784	3748	4075
954	chr3R	18737157	18737809	NA	em_common_peak-4383	1063	chr3R	20369431	20369686	4	em_common_peak-4492	1.125784	3748	4075
959	chr3R	18791948	18792311	NA	em_common_peak-4388	1073	chr3R	20439837	20440389	3	em_common_peak-4502	1.120257	3759	4089
986	chr3R	19164456	19164942	NA	em_common_peak-4415	1379	chr3R	26306090	26306358	2	em_common_peak-4808	0.627355	3833	5262
1010	chr3R	19553821	19554243	NA	em_common_peak-4439	1181	chr3R	22679285	22679652	2	em_common_peak-4610	0.62415	3911	4536
1016	chr3R	19685051	19685560	NA	em_common_peak-4445	1017	chr3R	19699164	19699517	2	em_common_peak-4446	0.084032	3938	3940
1018	chr3R	19715504	19715825	NA	em_common_peak-4447	1019	chr3R	19724438	19725105	2	em_common_peak-4448	1.221884	3944	3945
1022	chr3R	19767398	19768122	NA	em_common_peak-4451	1181	chr3R	22679285	22679652	2	em_common_peak-4610	0.485918	3954	4536
1023	chr3R	19768321	19768751	NA	em_common_peak-4452	1181	chr3R	22679285	22679652	2	em_common_peak-4610	0.485918	3954	4536
1025	chr3R	19827238	19827573	NA	em_common_peak-4454	1131	chr3R	21836695	21837160	2	em_common_peak-4560	1.638186	3966	4368
1033	chr3R	19922913	19923383	NA	em_common_peak-4462	1034	chr3R	19925974	19926158	2	em_common_peak-4463	0.877728	3985	3986
1033	chr3R	19922913	19923383	NA	em_common_peak-4462	1035	chr3R	19929490	19929916	2	em_common_peak-4464	0.877728	3985	3986
1036	chr3R	19934237	19934617	NA	em_common_peak-4465	1353	chr3R	25620216	25620513	2	em_common_peak-4782	0.259875	3987	5125
1035	chr3R	19929490	19929916	NA	em_common_peak-4464	1353	chr3R	25620216	25620513	2	em_common_peak-4782	0.259875	3987	5125
1038	chr3R	20000160	20000577	NA	em_common_peak-4467	1038	chr3R	20000160	20000577	2	em_common_peak-4467	1.22011	4000	4001
1038	chr3R	20000160	20000577	NA	em_common_peak-4467	1039	chr3R	20001869	20002117	2	em_common_peak-4468	1.22011	4000	4001
1037	chr3R	19998196	19998860	NA	em_common_peak-4466	1038	chr3R	20000160	20000577	2	em_common_peak-4467	1.22011	4000	4001
1037	chr3R	19998196	19998860	NA	em_common_peak-4466	1039	chr3R	20001869	20002117	2	em_common_peak-4468	1.22011	4000	4001
1046	chr3R	20093118	20093530	NA	em_common_peak-4475	1047	chr3R	20096675	20096993	2	em_common_peak-4476	0.07137	4019	4020
1047	chr3R	20096675	20096993	NA	em_common_peak-4476	1048	chr3R	20109464	20109916	2	em_common_peak-4477	0.701962	4020	4022
1069	chr3R	20403057	20403632	NA	em_common_peak-4498	1070	chr3R	20406279	20406527	2	em_common_peak-4499	2.491934	4081	4082
1069	chr3R	20403057	20403632	NA	em_common_peak-4498	1071	chr3R	20406732	20407146	2	em_common_peak-4500	2.491934	4081	4082
1079	chr3R	20639605	20639938	NA	em_common_peak-4508	1081	chr3R	20646071	20646365	2	em_common_peak-4510	0.018066	4128	4130
1082	chr3R	20719833	20720231	NA	em_common_peak-4511	1082	chr3R	20719833	20720231	3	em_common_peak-4511	0.03459	4144	4145
1083	chr3R	20729738	20730202	NA	em_common_peak-4512	1083	chr3R	20729738	20730202	3	em_common_peak-4512	0.934673	4146	4147
1083	chr3R	20729738	20730202	NA	em_common_peak-4512	1084	chr3R	20737842	20738164	2	em_common_peak-4513	0.383192	4147	4148
1084	chr3R	20737842	20738164	NA	em_common_peak-4513	1085	chr3R	20740632	20741008	2	em_common_peak-4514	0.47827	4148	4149
1085	chr3R	20740632	20741008	NA	em_common_peak-4514	1086	chr3R	20757527	20757816	2	em_common_peak-4515	0.572995	4149	4152
1091	chr3R	20804829	20805259	NA	em_common_peak-4520	1092	chr3R	20824327	20824863	2	em_common_peak-4521	2.821449	4161	4165
1091	chr3R	20804829	20805259	NA	em_common_peak-4520	1399	chr3R	26693814	26694162	2	em_common_peak-4828	1.213491	4161	5339
1094	chr3R	20916554	20916942	NA	em_common_peak-4523	1098	chr3R	20993751	20994040	2	em_common_peak-4527	0.423366	4184	4199
1095	chr3R	20917821	20918110	NA	em_common_peak-4524	1098	chr3R	20993751	20994040	2	em_common_peak-4527	0.423366	4184	4199
1100	chr3R	21083717	21084151	NA	em_common_peak-4529	1113	chr3R	21325225	21325422	2	em_common_peak-4542	0.67959	4217	4266
1100	chr3R	21083717	21084151	NA	em_common_peak-4529	1114	chr3R	21325549	21326071	2	em_common_peak-4543	0.67959	4217	4266
1111	chr3R	21298531	21298859	NA	em_common_peak-4540	1205	chr3R	23037097	23037309	2	em_common_peak-4634	0.670901	4260	4608
1120	chr3R	21565894	21566251	NA	em_common_peak-4549	1362	chr3R	25999728	26000214	3	em_common_peak-4791	0.019166	4314	5201
1120	chr3R	21565894	21566251	NA	em_common_peak-4549	1361	chr3R	25998981	25999695	4	em_common_peak-4790	0.019166	4314	5201
1133	chr3R	21865753	21866222	NA	em_common_peak-4562	1168	chr3R	22439258	22439908	2	em_common_peak-4597	0.290083	4374	4488
1139	chr3R	21918825	21919200	NA	em_common_peak-4568	1192	chr3R	22772888	22773410	2	em_common_peak-4621	0.455071	4384	4555
1139	chr3R	21918825	21919200	NA	em_common_peak-4568	1380	chr3R	26346466	26346907	2	em_common_peak-4809	1.102763	4384	5270
1169	chr3R	22444949	22446057	NA	em_common_peak-4598	1170	chr3R	22448375	22448941	2	em_common_peak-4599	0.599435	4489	4490
1169	chr3R	22444949	22446057	NA	em_common_peak-4598	1169	chr3R	22444949	22446057	3	em_common_peak-4598	0.599435	4489	4490
1168	chr3R	22439258	22439908	NA	em_common_peak-4597	1170	chr3R	22448375	22448941	2	em_common_peak-4599	0.599435	4489	4490
1168	chr3R	22439258	22439908	NA	em_common_peak-4597	1169	chr3R	22444949	22446057	3	em_common_peak-4598	0.599435	4489	4490
1182	chr3R	22694548	22694885	NA	em_common_peak-4611	1192	chr3R	22772888	22773410	2	em_common_peak-4621	0.37178	4539	4555
1191	chr3R	22755457	22755752	NA	em_common_peak-4620	1393	chr3R	26610331	26610578	2	em_common_peak-4822	0.285875	4552	5323
1204	chr3R	23024525	23024963	NA	em_common_peak-4633	1393	chr3R	26610331	26610578	2	em_common_peak-4822	1.372729	4605	5323
1230	chr3R	23518549	23519023	NA	em_common_peak-4659	1231	chr3R	23526317	23526824	2	em_common_peak-4660	0.165339	4704	4706
1231	chr3R	23526317	23526824	NA	em_common_peak-4660	1233	chr3R	23557422	23557724	2	em_common_peak-4662	3.761478	4706	4712
1231	chr3R	23526317	23526824	NA	em_common_peak-4660	1269	chr3R	24159589	24159972	2	em_common_peak-4698	0.012386	4706	4832
1262	chr3R	24127673	24127990	NA	em_common_peak-4691	1276	chr3R	24234899	24235171	3	em_common_peak-4705	1.600797	4826	4848
1268	chr3R	24151125	24151783	NA	em_common_peak-4697	1427	chr3R	27430303	27430660	2	em_common_peak-4856	0.568559	4831	5487
1268	chr3R	24151125	24151783	NA	em_common_peak-4697	1428	chr3R	27432135	27432692	2	em_common_peak-4857	0.568559	4831	5487
1268	chr3R	24151125	24151783	NA	em_common_peak-4697	1429	chr3R	27434341	27434531	2	em_common_peak-4858	0.568559	4831	5487
1267	chr3R	24149633	24150358	NA	em_common_peak-4696	1427	chr3R	27430303	27430660	2	em_common_peak-4856	0.568559	4831	5487
1267	chr3R	24149633	24150358	NA	em_common_peak-4696	1428	chr3R	27432135	27432692	2	em_common_peak-4857	0.568559	4831	5487
1267	chr3R	24149633	24150358	NA	em_common_peak-4696	1429	chr3R	27434341	27434531	2	em_common_peak-4858	0.568559	4831	5487
1279	chr3R	24377380	24377699	NA	em_common_peak-4708	1280	chr3R	24408333	24408780	2	em_common_peak-4709	0.922325	4876	4882
1279	chr3R	24377380	24377699	NA	em_common_peak-4708	1281	chr3R	24409418	24409771	2	em_common_peak-4710	0.922325	4876	4882
1293	chr3R	24683681	24684569	NA	em_common_peak-4722	1294	chr3R	24684668	24685107	3	em_common_peak-4723	2.326798	4937	4938
1293	chr3R	24683681	24684569	NA	em_common_peak-4722	1293	chr3R	24683681	24684569	4	em_common_peak-4722	2.326798	4937	4938
1294	chr3R	24684668	24685107	NA	em_common_peak-4723	1294	chr3R	24684668	24685107	3	em_common_peak-4723	2.326798	4937	4938
1294	chr3R	24684668	24685107	NA	em_common_peak-4723	1293	chr3R	24683681	24684569	4	em_common_peak-4722	2.326798	4937	4938
1297	chr3R	24744790	24745333	NA	em_common_peak-4726	1343	chr3R	25451304	25451704	2	em_common_peak-4772	0.531112	4949	5091
1315	chr3R	25080772	25081178	NA	em_common_peak-4744	1365	chr3R	26086416	26086740	2	em_common_peak-4794	1.471016	5017	5218
1316	chr3R	25083725	25084165	NA	em_common_peak-4745	1365	chr3R	26086416	26086740	2	em_common_peak-4794	1.471016	5017	5218
1314	chr3R	25079775	25080028	NA	em_common_peak-4743	1365	chr3R	26086416	26086740	2	em_common_peak-4794	1.471016	5017	5218
1323	chr3R	25172203	25172596	NA	em_common_peak-4752	1337	chr3R	25347562	25347916	2	em_common_peak-4766	1.96483	5035	5070
1336	chr3R	25335844	25336366	NA	em_common_peak-4765	1343	chr3R	25451304	25451704	2	em_common_peak-4772	0.426573	5068	5091
1338	chr3R	25356832	25357229	NA	em_common_peak-4767	1339	chr3R	25359617	25360061	3	em_common_peak-4768	5.828852	5072	5073
1339	chr3R	25359617	25360061	NA	em_common_peak-4768	1339	chr3R	25359617	25360061	3	em_common_peak-4768	5.828852	5072	5073
1342	chr3R	25414382	25414701	NA	em_common_peak-4771	1343	chr3R	25451304	25451704	2	em_common_peak-4772	0.254306	5083	5091
1341	chr3R	25409155	25409581	NA	em_common_peak-4770	1343	chr3R	25451304	25451704	2	em_common_peak-4772	0.254306	5083	5091
1353	chr3R	25620216	25620513	NA	em_common_peak-4782	1363	chr3R	26028448	26028843	2	em_common_peak-4792	0.380866	5125	5206
1361	chr3R	25998981	25999695	NA	em_common_peak-4790	1362	chr3R	25999728	26000214	3	em_common_peak-4791	2.891517	5200	5201
1361	chr3R	25998981	25999695	NA	em_common_peak-4790	1361	chr3R	25998981	25999695	4	em_common_peak-4790	2.891517	5200	5201
1362	chr3R	25999728	26000214	NA	em_common_peak-4791	1362	chr3R	25999728	26000214	3	em_common_peak-4791	2.891517	5200	5201
1362	chr3R	25999728	26000214	NA	em_common_peak-4791	1361	chr3R	25998981	25999695	4	em_common_peak-4790	2.891517	5200	5201
1394	chr3R	26625728	26626105	NA	em_common_peak-4823	1396	chr3R	26634209	26635003	3	em_common_peak-4825	0.068041	5326	5328
1395	chr3R	26629007	26629517	NA	em_common_peak-4824	1396	chr3R	26634209	26635003	3	em_common_peak-4825	0.068041	5326	5328
1396	chr3R	26634209	26635003	NA	em_common_peak-4825	1397	chr3R	26641440	26641891	2	em_common_peak-4826	8.948373	5328	5329
1423	chr3R	27420897	27421238	NA	em_common_peak-4852	1427	chr3R	27430303	27430660	1	em_common_peak-4856	0.819948	5485	5486
1423	chr3R	27420897	27421238	NA	em_common_peak-4852	1425	chr3R	27426053	27426563	2	em_common_peak-4854	0.819948	5485	5486
1423	chr3R	27420897	27421238	NA	em_common_peak-4852	1426	chr3R	27426675	27428092	2	em_common_peak-4855	0.819948	5485	5486
1423	chr3R	27420897	27421238	NA	em_common_peak-4852	1424	chr3R	27424142	27425041	3	em_common_peak-4853	0.819948	5485	5486
1424	chr3R	27424142	27425041	NA	em_common_peak-4853	1427	chr3R	27430303	27430660	1	em_common_peak-4856	0.819948	5485	5486
1424	chr3R	27424142	27425041	NA	em_common_peak-4853	1425	chr3R	27426053	27426563	2	em_common_peak-4854	0.819948	5485	5486
1424	chr3R	27424142	27425041	NA	em_common_peak-4853	1426	chr3R	27426675	27428092	2	em_common_peak-4855	0.819948	5485	5486
1424	chr3R	27424142	27425041	NA	em_common_peak-4853	1424	chr3R	27424142	27425041	3	em_common_peak-4853	0.819948	5485	5486
1436	chr3R	27555387	27556521	NA	em_common_peak-4865	1436	chr3R	27555387	27556521	2	em_common_peak-4865	4.627325	5511	5512
1435	chr3R	27553639	27554115	NA	em_common_peak-4864	1436	chr3R	27555387	27556521	2	em_common_peak-4865	4.627325	5511	5512
