6	chrX	18994	19373	NA	em_common_peak-4906	2004	chrX	16674168	16674625	2	em_common_peak-6904	1.973886	4	3335
10	chrX	232498	232777	NA	em_common_peak-4910	11	chrX	238871	239177	2	em_common_peak-4911	0.016316	47	48
17	chrX	384635	384907	NA	em_common_peak-4917	432	chrX	4034626	4035061	2	em_common_peak-5332	0.038562	77	807
22	chrX	619597	620083	NA	em_common_peak-4922	22	chrX	619597	620083	3	em_common_peak-4922	2.569762	124	125
23	chrX	644923	645328	NA	em_common_peak-4923	1616	chrX	13146363	13146888	2	em_common_peak-6516	2.190579	129	2630
23	chrX	644923	645328	NA	em_common_peak-4923	1615	chrX	13144856	13145412	3	em_common_peak-6515	2.190579	129	2630
24	chrX	658442	658862	NA	em_common_peak-4924	817	chrX	6770231	6770773	2	em_common_peak-5717	1.815235	132	1355
24	chrX	658442	658862	NA	em_common_peak-4924	818	chrX	6771016	6771360	2	em_common_peak-5718	1.815235	132	1355
26	chrX	683146	683445	NA	em_common_peak-4926	1604	chrX	13041120	13041513	2	em_common_peak-6504	0.049698	137	2609
26	chrX	683146	683445	NA	em_common_peak-4926	1605	chrX	13043136	13043488	2	em_common_peak-6505	0.049698	137	2609
26	chrX	683146	683445	NA	em_common_peak-4926	1603	chrX	13039539	13039831	4	em_common_peak-6503	0.049698	137	2609
33	chrX	782598	783074	NA	em_common_peak-4933	2034	chrX	17081910	17082171	2	em_common_peak-6934	1.788194	157	3417
36	chrX	864846	865562	NA	em_common_peak-4936	36	chrX	864846	865562	3	em_common_peak-4936	6.121674	173	174
43	chrX	949751	950369	NA	em_common_peak-4943	44	chrX	952198	952505	2	em_common_peak-4944	7.585891	190	191
43	chrX	949751	950369	NA	em_common_peak-4943	43	chrX	949751	950369	3	em_common_peak-4943	7.585891	190	191
44	chrX	952198	952505	NA	em_common_peak-4944	56	chrX	1083132	1083453	2	em_common_peak-4956	0.051273	191	217
43	chrX	949751	950369	NA	em_common_peak-4943	56	chrX	1083132	1083453	2	em_common_peak-4956	0.051273	191	217
57	chrX	1116065	1116570	NA	em_common_peak-4957	1146	chrX	9149281	9149699	2	em_common_peak-6046	1.9678	224	1830
59	chrX	1154797	1155285	NA	em_common_peak-4959	1352	chrX	10711149	10711665	2	em_common_peak-6252	3.737427	232	2143
59	chrX	1154797	1155285	NA	em_common_peak-4959	1353	chrX	10712468	10712957	2	em_common_peak-6253	3.737427	232	2143
59	chrX	1154797	1155285	NA	em_common_peak-4959	1354	chrX	10713056	10713484	2	em_common_peak-6254	3.737427	232	2143
66	chrX	1377075	1377516	NA	em_common_peak-4966	84	chrX	1573887	1574189	2	em_common_peak-4984	0.189193	276	315
66	chrX	1377075	1377516	NA	em_common_peak-4966	401	chrX	3871303	3871832	2	em_common_peak-5301	3.248564	276	775
66	chrX	1377075	1377516	NA	em_common_peak-4966	402	chrX	3873222	3873618	2	em_common_peak-5302	3.248564	276	775
66	chrX	1377075	1377516	NA	em_common_peak-4966	400	chrX	3869685	3870275	3	em_common_peak-5300	3.248564	276	775
75	chrX	1486371	1486950	NA	em_common_peak-4975	84	chrX	1573887	1574189	2	em_common_peak-4984	2.948654	298	315
83	chrX	1555462	1555674	NA	em_common_peak-4983	396	chrX	3820436	3820777	2	em_common_peak-5296	0.046109	312	765
84	chrX	1573887	1574189	NA	em_common_peak-4984	2113	chrX	17902505	17902860	2	em_common_peak-7013	0.883962	315	3581
91	chrX	1725252	1725593	NA	em_common_peak-4991	127	chrX	2260087	2260451	1	em_common_peak-5027	2.27884	346	452
91	chrX	1725252	1725593	NA	em_common_peak-4991	126	chrX	2256663	2257062	2	em_common_peak-5026	2.27884	346	452
92	chrX	1749894	1750281	NA	em_common_peak-4992	92	chrX	1749894	1750281	3	em_common_peak-4992	0.571908	350	351
103	chrX	1883831	1884215	NA	em_common_peak-5003	104	chrX	1886259	1886667	2	em_common_peak-5004	0.022598	377	378
103	chrX	1883831	1884215	NA	em_common_peak-5003	105	chrX	1888243	1888657	2	em_common_peak-5005	0.022598	377	378
107	chrX	1930078	1930482	NA	em_common_peak-5007	798	chrX	6540249	6540684	1	em_common_peak-5698	0.263747	386	1308
107	chrX	1930078	1930482	NA	em_common_peak-5007	797	chrX	6537906	6538643	2	em_common_peak-5697	0.263747	386	1308
107	chrX	1930078	1930482	NA	em_common_peak-5007	796	chrX	6534202	6534641	4	em_common_peak-5696	0.263747	386	1308
106	chrX	1926770	1927167	NA	em_common_peak-5006	798	chrX	6540249	6540684	1	em_common_peak-5698	0.263747	386	1308
106	chrX	1926770	1927167	NA	em_common_peak-5006	797	chrX	6537906	6538643	2	em_common_peak-5697	0.263747	386	1308
106	chrX	1926770	1927167	NA	em_common_peak-5006	796	chrX	6534202	6534641	4	em_common_peak-5696	0.263747	386	1308
110	chrX	2052583	2052951	NA	em_common_peak-5010	2267	chrX	19451382	19451880	2	em_common_peak-7167	0.005212	411	3891
112	chrX	2171830	2172088	NA	em_common_peak-5012	1037	chrX	8509153	8509515	2	em_common_peak-5937	0.11323	435	1702
113	chrX	2174314	2174672	NA	em_common_peak-5013	1037	chrX	8509153	8509515	2	em_common_peak-5937	0.11323	435	1702
114	chrX	2174770	2175031	NA	em_common_peak-5014	1037	chrX	8509153	8509515	2	em_common_peak-5937	0.11323	435	1702
127	chrX	2260087	2260451	NA	em_common_peak-5027	2446	chrX	22225872	22226145	2	em_common_peak-7346	1.087592	453	4446
131	chrX	2371621	2372139	NA	em_common_peak-5031	1967	chrX	16331370	16331685	2	em_common_peak-6867	0.020142	475	3267
131	chrX	2371621	2372139	NA	em_common_peak-5031	2351	chrX	20600653	20601060	2	em_common_peak-7251	0.014332	475	4121
132	chrX	2374422	2374711	NA	em_common_peak-5032	1967	chrX	16331370	16331685	2	em_common_peak-6867	0.020142	475	3267
132	chrX	2374422	2374711	NA	em_common_peak-5032	2351	chrX	20600653	20601060	2	em_common_peak-7251	0.014332	475	4121
133	chrX	2380180	2380803	NA	em_common_peak-5033	1602	chrX	13035901	13036254	2	em_common_peak-6502	1.549023	477	2608
133	chrX	2380180	2380803	NA	em_common_peak-5033	1603	chrX	13039539	13039831	2	em_common_peak-6503	1.549023	477	2608
133	chrX	2380180	2380803	NA	em_common_peak-5033	1601	chrX	13034786	13035065	3	em_common_peak-6501	1.549023	477	2608
137	chrX	2413949	2414304	NA	em_common_peak-5037	924	chrX	7536531	7536935	2	em_common_peak-5824	6.606888	483	1508
136	chrX	2409010	2409559	NA	em_common_peak-5036	924	chrX	7536531	7536935	2	em_common_peak-5824	6.606888	483	1508
147	chrX	2510392	2510689	NA	em_common_peak-5047	154	chrX	2569928	2570590	3	em_common_peak-5054	0.008068	503	515
147	chrX	2510392	2510689	NA	em_common_peak-5047	153	chrX	2569371	2569924	4	em_common_peak-5053	0.008068	503	515
147	chrX	2510392	2510689	NA	em_common_peak-5047	688	chrX	5495278	5495845	1	em_common_peak-5588	0.9825	503	1099
147	chrX	2510392	2510689	NA	em_common_peak-5047	687	chrX	5491333	5491749	2	em_common_peak-5587	0.9825	503	1099
147	chrX	2510392	2510689	NA	em_common_peak-5047	748	chrX	6211346	6211653	2	em_common_peak-5648	0.400479	503	1243
147	chrX	2510392	2510689	NA	em_common_peak-5047	749	chrX	6213374	6213862	2	em_common_peak-5649	0.400479	503	1243
148	chrX	2535288	2535837	NA	em_common_peak-5048	149	chrX	2540573	2541007	2	em_common_peak-5049	3.938792	508	509
148	chrX	2535288	2535837	NA	em_common_peak-5048	150	chrX	2542169	2542667	2	em_common_peak-5050	3.938792	508	509
152	chrX	2565806	2566227	NA	em_common_peak-5052	154	chrX	2569928	2570590	3	em_common_peak-5054	0.111423	514	515
152	chrX	2565806	2566227	NA	em_common_peak-5052	153	chrX	2569371	2569924	4	em_common_peak-5053	0.111423	514	515
153	chrX	2569371	2569924	NA	em_common_peak-5053	154	chrX	2569928	2570590	3	em_common_peak-5054	0.111423	514	515
153	chrX	2569371	2569924	NA	em_common_peak-5053	153	chrX	2569371	2569924	4	em_common_peak-5053	0.111423	514	515
154	chrX	2569928	2570590	NA	em_common_peak-5054	154	chrX	2569928	2570590	3	em_common_peak-5054	0.111423	514	515
154	chrX	2569928	2570590	NA	em_common_peak-5054	153	chrX	2569371	2569924	4	em_common_peak-5053	0.111423	514	515
162	chrX	2695181	2695371	NA	em_common_peak-5062	173	chrX	2732374	2732638	2	em_common_peak-5073	2.514247	540	547
163	chrX	2699664	2700084	NA	em_common_peak-5063	173	chrX	2732374	2732638	2	em_common_peak-5073	2.514247	540	547
171	chrX	2727126	2727569	NA	em_common_peak-5071	185	chrX	2784908	2785315	2	em_common_peak-5085	1.3829	546	557
172	chrX	2727691	2728003	NA	em_common_peak-5072	185	chrX	2784908	2785315	2	em_common_peak-5085	1.3829	546	557
187	chrX	2795650	2796056	NA	em_common_peak-5087	623	chrX	5123638	5124071	2	em_common_peak-5523	2.872758	560	1025
188	chrX	2801448	2801892	NA	em_common_peak-5088	193	chrX	2826181	2826538	2	em_common_peak-5093	4.739438	561	566
189	chrX	2804413	2804859	NA	em_common_peak-5089	193	chrX	2826181	2826538	2	em_common_peak-5093	4.739438	561	566
191	chrX	2811518	2811949	NA	em_common_peak-5091	2390	chrX	21110180	21110632	2	em_common_peak-7290	7.933232	563	4223
191	chrX	2811518	2811949	NA	em_common_peak-5091	2391	chrX	21110667	21110719	2	em_common_peak-7291	7.933232	563	4223
192	chrX	2813502	2813960	NA	em_common_peak-5092	2390	chrX	21110180	21110632	2	em_common_peak-7290	7.933232	563	4223
192	chrX	2813502	2813960	NA	em_common_peak-5092	2391	chrX	21110667	21110719	2	em_common_peak-7291	7.933232	563	4223
193	chrX	2826181	2826538	NA	em_common_peak-5093	802	chrX	6565495	6566188	2	em_common_peak-5702	0.569801	566	1314
193	chrX	2826181	2826538	NA	em_common_peak-5093	801	chrX	6564451	6564738	4	em_common_peak-5701	0.569801	566	1314
213	chrX	2915851	2916202	NA	em_common_peak-5113	1439	chrX	11597061	11597389	2	em_common_peak-6339	8.391314	584	2320
213	chrX	2915851	2916202	NA	em_common_peak-5113	1440	chrX	11599117	11599737	2	em_common_peak-6340	8.391314	584	2320
239	chrX	3045242	3045621	NA	em_common_peak-5139	239	chrX	3045242	3045621	2	em_common_peak-5139	5.072821	609	610
239	chrX	3045242	3045621	NA	em_common_peak-5139	240	chrX	3048135	3048552	2	em_common_peak-5140	5.072821	609	610
239	chrX	3045242	3045621	NA	em_common_peak-5139	238	chrX	3044687	3045144	3	em_common_peak-5138	5.072821	609	610
237	chrX	3042899	3043425	NA	em_common_peak-5137	239	chrX	3045242	3045621	2	em_common_peak-5139	5.072821	609	610
237	chrX	3042899	3043425	NA	em_common_peak-5137	240	chrX	3048135	3048552	2	em_common_peak-5140	5.072821	609	610
237	chrX	3042899	3043425	NA	em_common_peak-5137	238	chrX	3044687	3045144	3	em_common_peak-5138	5.072821	609	610
238	chrX	3044687	3045144	NA	em_common_peak-5138	239	chrX	3045242	3045621	2	em_common_peak-5139	5.072821	609	610
238	chrX	3044687	3045144	NA	em_common_peak-5138	240	chrX	3048135	3048552	2	em_common_peak-5140	5.072821	609	610
238	chrX	3044687	3045144	NA	em_common_peak-5138	238	chrX	3044687	3045144	3	em_common_peak-5138	5.072821	609	610
236	chrX	3039741	3040110	NA	em_common_peak-5136	239	chrX	3045242	3045621	2	em_common_peak-5139	5.072821	609	610
236	chrX	3039741	3040110	NA	em_common_peak-5136	240	chrX	3048135	3048552	2	em_common_peak-5140	5.072821	609	610
236	chrX	3039741	3040110	NA	em_common_peak-5136	238	chrX	3044687	3045144	3	em_common_peak-5138	5.072821	609	610
243	chrX	3055683	3056149	NA	em_common_peak-5143	800	chrX	6557691	6557974	2	em_common_peak-5700	0.806245	612	1312
242	chrX	3054106	3054874	NA	em_common_peak-5142	800	chrX	6557691	6557974	2	em_common_peak-5700	0.806245	612	1312
263	chrX	3165938	3166289	NA	em_common_peak-5163	265	chrX	3173024	3173485	2	em_common_peak-5165	4.312519	634	635
264	chrX	3167911	3168632	NA	em_common_peak-5164	265	chrX	3173024	3173485	2	em_common_peak-5165	4.312519	634	635
268	chrX	3186788	3187280	NA	em_common_peak-5168	269	chrX	3192662	3193147	2	em_common_peak-5169	1.257057	638	639
268	chrX	3186788	3187280	NA	em_common_peak-5168	270	chrX	3193654	3194197	2	em_common_peak-5170	1.257057	638	639
273	chrX	3201543	3202055	NA	em_common_peak-5173	285	chrX	3240255	3240459	1	em_common_peak-5185	2.4296	641	648
273	chrX	3201543	3202055	NA	em_common_peak-5173	282	chrX	3237544	3237983	2	em_common_peak-5182	2.4296	641	648
273	chrX	3201543	3202055	NA	em_common_peak-5173	283	chrX	3238256	3238703	2	em_common_peak-5183	2.4296	641	648
273	chrX	3201543	3202055	NA	em_common_peak-5173	284	chrX	3239164	3239548	2	em_common_peak-5184	2.4296	641	648
274	chrX	3204442	3204880	NA	em_common_peak-5174	285	chrX	3240255	3240459	1	em_common_peak-5185	2.4296	641	648
274	chrX	3204442	3204880	NA	em_common_peak-5174	282	chrX	3237544	3237983	2	em_common_peak-5182	2.4296	641	648
274	chrX	3204442	3204880	NA	em_common_peak-5174	283	chrX	3238256	3238703	2	em_common_peak-5183	2.4296	641	648
274	chrX	3204442	3204880	NA	em_common_peak-5174	284	chrX	3239164	3239548	2	em_common_peak-5184	2.4296	641	648
272	chrX	3199350	3199830	NA	em_common_peak-5172	285	chrX	3240255	3240459	1	em_common_peak-5185	2.4296	641	648
272	chrX	3199350	3199830	NA	em_common_peak-5172	282	chrX	3237544	3237983	2	em_common_peak-5182	2.4296	641	648
272	chrX	3199350	3199830	NA	em_common_peak-5172	283	chrX	3238256	3238703	2	em_common_peak-5183	2.4296	641	648
272	chrX	3199350	3199830	NA	em_common_peak-5172	284	chrX	3239164	3239548	2	em_common_peak-5184	2.4296	641	648
294	chrX	3272803	3273167	NA	em_common_peak-5194	298	chrX	3279800	3280157	3	em_common_peak-5198	3.052265	655	657
299	chrX	3289666	3290196	NA	em_common_peak-5199	1906	chrX	15589923	15590684	3	em_common_peak-6806	2.035795	658	3119
307	chrX	3312910	3313432	NA	em_common_peak-5207	311	chrX	3320363	3320833	1	em_common_peak-5211	8.169144	663	664
307	chrX	3312910	3313432	NA	em_common_peak-5207	309	chrX	3316422	3316865	2	em_common_peak-5209	8.169144	663	664
307	chrX	3312910	3313432	NA	em_common_peak-5207	310	chrX	3319253	3319676	2	em_common_peak-5210	8.169144	663	664
308	chrX	3313722	3314384	NA	em_common_peak-5208	311	chrX	3320363	3320833	1	em_common_peak-5211	8.169144	663	664
308	chrX	3313722	3314384	NA	em_common_peak-5208	309	chrX	3316422	3316865	2	em_common_peak-5209	8.169144	663	664
308	chrX	3313722	3314384	NA	em_common_peak-5208	310	chrX	3319253	3319676	2	em_common_peak-5210	8.169144	663	664
324	chrX	3368507	3368859	NA	em_common_peak-5224	809	chrX	6675264	6675555	2	em_common_peak-5709	0.841374	674	1336
323	chrX	3364555	3364979	NA	em_common_peak-5223	809	chrX	6675264	6675555	2	em_common_peak-5709	0.841374	674	1336
370	chrX	3605387	3605897	NA	em_common_peak-5270	370	chrX	3605387	3605897	2	em_common_peak-5270	6.968603	721	722
370	chrX	3605387	3605897	NA	em_common_peak-5270	371	chrX	3608485	3608888	2	em_common_peak-5271	6.968603	721	722
370	chrX	3605387	3605897	NA	em_common_peak-5270	369	chrX	3604780	3605188	3	em_common_peak-5269	6.968603	721	722
367	chrX	3602452	3602850	NA	em_common_peak-5267	370	chrX	3605387	3605897	2	em_common_peak-5270	6.968603	721	722
367	chrX	3602452	3602850	NA	em_common_peak-5267	371	chrX	3608485	3608888	2	em_common_peak-5271	6.968603	721	722
367	chrX	3602452	3602850	NA	em_common_peak-5267	369	chrX	3604780	3605188	3	em_common_peak-5269	6.968603	721	722
368	chrX	3603523	3603984	NA	em_common_peak-5268	370	chrX	3605387	3605897	2	em_common_peak-5270	6.968603	721	722
368	chrX	3603523	3603984	NA	em_common_peak-5268	371	chrX	3608485	3608888	2	em_common_peak-5271	6.968603	721	722
368	chrX	3603523	3603984	NA	em_common_peak-5268	369	chrX	3604780	3605188	3	em_common_peak-5269	6.968603	721	722
369	chrX	3604780	3605188	NA	em_common_peak-5269	370	chrX	3605387	3605897	2	em_common_peak-5270	6.968603	721	722
369	chrX	3604780	3605188	NA	em_common_peak-5269	371	chrX	3608485	3608888	2	em_common_peak-5271	6.968603	721	722
369	chrX	3604780	3605188	NA	em_common_peak-5269	369	chrX	3604780	3605188	3	em_common_peak-5269	6.968603	721	722
379	chrX	3639526	3639811	NA	em_common_peak-5279	384	chrX	3662085	3662594	2	em_common_peak-5284	2.737342	728	733
379	chrX	3639526	3639811	NA	em_common_peak-5279	385	chrX	3663637	3663998	2	em_common_peak-5285	2.737342	728	733
387	chrX	3700783	3701103	NA	em_common_peak-5287	1381	chrX	11005038	11005286	1	em_common_peak-6281	0.007675	741	2201
387	chrX	3700783	3701103	NA	em_common_peak-5287	1380	chrX	10999930	11000225	3	em_common_peak-6280	0.007675	741	2201
388	chrX	3702235	3702515	NA	em_common_peak-5288	1381	chrX	11005038	11005286	1	em_common_peak-6281	0.007675	741	2201
388	chrX	3702235	3702515	NA	em_common_peak-5288	1380	chrX	10999930	11000225	3	em_common_peak-6280	0.007675	741	2201
390	chrX	3710016	3710487	NA	em_common_peak-5290	390	chrX	3710016	3710487	2	em_common_peak-5290	5.30033	742	743
390	chrX	3710016	3710487	NA	em_common_peak-5290	392	chrX	3740710	3741038	2	em_common_peak-5292	1.093019	742	749
390	chrX	3710016	3710487	NA	em_common_peak-5290	391	chrX	3739490	3739897	4	em_common_peak-5291	1.093019	742	749
389	chrX	3705521	3705943	NA	em_common_peak-5289	390	chrX	3710016	3710487	2	em_common_peak-5290	5.30033	742	743
389	chrX	3705521	3705943	NA	em_common_peak-5289	392	chrX	3740710	3741038	2	em_common_peak-5292	1.093019	742	749
389	chrX	3705521	3705943	NA	em_common_peak-5289	391	chrX	3739490	3739897	4	em_common_peak-5291	1.093019	742	749
393	chrX	3779819	3780186	NA	em_common_peak-5293	461	chrX	4282934	4283187	2	em_common_peak-5361	1.3829	756	857
393	chrX	3779819	3780186	NA	em_common_peak-5293	462	chrX	4283892	4284114	2	em_common_peak-5362	1.3829	756	857
393	chrX	3779819	3780186	NA	em_common_peak-5293	460	chrX	4279209	4279511	4	em_common_peak-5360	1.3829	756	857
409	chrX	3905745	3906319	NA	em_common_peak-5309	410	chrX	3911260	3911734	2	em_common_peak-5310	2.737342	782	783
417	chrX	3936078	3936480	NA	em_common_peak-5317	420	chrX	3945140	3945591	1	em_common_peak-5320	5.926648	788	789
417	chrX	3936078	3936480	NA	em_common_peak-5317	419	chrX	3941727	3942150	2	em_common_peak-5319	5.926648	788	789
417	chrX	3936078	3936480	NA	em_common_peak-5317	418	chrX	3939997	3940482	3	em_common_peak-5318	5.926648	788	789
418	chrX	3939997	3940482	NA	em_common_peak-5318	420	chrX	3945140	3945591	1	em_common_peak-5320	5.926648	788	789
418	chrX	3939997	3940482	NA	em_common_peak-5318	419	chrX	3941727	3942150	2	em_common_peak-5319	5.926648	788	789
418	chrX	3939997	3940482	NA	em_common_peak-5318	418	chrX	3939997	3940482	3	em_common_peak-5318	5.926648	788	789
420	chrX	3945140	3945591	NA	em_common_peak-5320	802	chrX	6565495	6566188	1	em_common_peak-5702	0.781921	789	1313
420	chrX	3945140	3945591	NA	em_common_peak-5320	801	chrX	6564451	6564738	2	em_common_peak-5701	0.781921	789	1313
419	chrX	3941727	3942150	NA	em_common_peak-5319	802	chrX	6565495	6566188	1	em_common_peak-5702	0.781921	789	1313
419	chrX	3941727	3942150	NA	em_common_peak-5319	801	chrX	6564451	6564738	2	em_common_peak-5701	0.781921	789	1313
418	chrX	3939997	3940482	NA	em_common_peak-5318	802	chrX	6565495	6566188	1	em_common_peak-5702	0.781921	789	1313
418	chrX	3939997	3940482	NA	em_common_peak-5318	801	chrX	6564451	6564738	2	em_common_peak-5701	0.781921	789	1313
420	chrX	3945140	3945591	NA	em_common_peak-5320	422	chrX	3955128	3955501	1	em_common_peak-5322	1.96483	790	791
420	chrX	3945140	3945591	NA	em_common_peak-5320	421	chrX	3950977	3951455	2	em_common_peak-5321	1.96483	790	791
429	chrX	4011566	4012016	NA	em_common_peak-5329	2048	chrX	17299409	17299863	2	em_common_peak-6948	1.039325	803	3460
430	chrX	4013931	4014237	NA	em_common_peak-5330	2048	chrX	17299409	17299863	2	em_common_peak-6948	1.039325	803	3460
432	chrX	4034626	4035061	NA	em_common_peak-5332	558	chrX	4875125	4875602	2	em_common_peak-5458	8.579328	807	976
432	chrX	4034626	4035061	NA	em_common_peak-5332	559	chrX	4875727	4876054	2	em_common_peak-5459	8.579328	807	976
432	chrX	4034626	4035061	NA	em_common_peak-5332	1441	chrX	11653677	11654082	2	em_common_peak-6341	0.062048	807	2331
432	chrX	4034626	4035061	NA	em_common_peak-5332	1442	chrX	11654645	11654947	2	em_common_peak-6342	0.062048	807	2331
453	chrX	4205168	4205593	NA	em_common_peak-5353	1285	chrX	10117847	10118175	2	em_common_peak-6185	1.365913	842	2024
454	chrX	4207017	4207569	NA	em_common_peak-5354	1285	chrX	10117847	10118175	2	em_common_peak-6185	1.365913	842	2024
465	chrX	4295122	4295755	NA	em_common_peak-5365	485	chrX	4372623	4373040	2	em_common_peak-5385	2.179182	860	875
465	chrX	4295122	4295755	NA	em_common_peak-5365	486	chrX	4374267	4374828	2	em_common_peak-5386	2.179182	860	875
466	chrX	4296048	4296305	NA	em_common_peak-5366	485	chrX	4372623	4373040	2	em_common_peak-5385	2.179182	860	875
466	chrX	4296048	4296305	NA	em_common_peak-5366	486	chrX	4374267	4374828	2	em_common_peak-5386	2.179182	860	875
467	chrX	4298971	4299329	NA	em_common_peak-5367	485	chrX	4372623	4373040	2	em_common_peak-5385	2.179182	860	875
467	chrX	4298971	4299329	NA	em_common_peak-5367	486	chrX	4374267	4374828	2	em_common_peak-5386	2.179182	860	875
483	chrX	4360582	4361394	NA	em_common_peak-5383	497	chrX	4457982	4458424	2	em_common_peak-5397	2.692039	873	892
485	chrX	4372623	4373040	NA	em_common_peak-5385	1100	chrX	8825924	8826352	2	em_common_peak-6000	1.447214	875	1766
485	chrX	4372623	4373040	NA	em_common_peak-5385	2294	chrX	19745043	19745536	2	em_common_peak-7194	0.161604	875	3950
486	chrX	4374267	4374828	NA	em_common_peak-5386	1100	chrX	8825924	8826352	2	em_common_peak-6000	1.447214	875	1766
486	chrX	4374267	4374828	NA	em_common_peak-5386	2294	chrX	19745043	19745536	2	em_common_peak-7194	0.161604	875	3950
492	chrX	4420167	4420627	NA	em_common_peak-5392	799	chrX	6546870	6547379	2	em_common_peak-5699	0.57093	885	1310
493	chrX	4421121	4421465	NA	em_common_peak-5393	799	chrX	6546870	6547379	2	em_common_peak-5699	0.57093	885	1310
496	chrX	4440325	4440676	NA	em_common_peak-5396	496	chrX	4440325	4440676	2	em_common_peak-5396	0.01879	888	889
496	chrX	4440325	4440676	NA	em_common_peak-5396	1808	chrX	14529751	14530236	3	em_common_peak-6708	9.130068	888	2907
495	chrX	4438763	4439005	NA	em_common_peak-5395	496	chrX	4440325	4440676	2	em_common_peak-5396	0.01879	888	889
495	chrX	4438763	4439005	NA	em_common_peak-5395	1808	chrX	14529751	14530236	3	em_common_peak-6708	9.130068	888	2907
498	chrX	4464536	4464919	NA	em_common_peak-5398	1673	chrX	13551081	13551562	2	em_common_peak-6573	0.650295	893	2711
498	chrX	4464536	4464919	NA	em_common_peak-5398	1674	chrX	13551780	13552165	2	em_common_peak-6574	0.650295	893	2711
502	chrX	4511357	4511706	NA	em_common_peak-5402	719	chrX	5827449	5827889	2	em_common_peak-5619	0.031797	903	1166
502	chrX	4511357	4511706	NA	em_common_peak-5402	720	chrX	5829384	5829812	2	em_common_peak-5620	0.031797	903	1166
502	chrX	4511357	4511706	NA	em_common_peak-5402	1933	chrX	16012143	16012568	2	em_common_peak-6833	0.227794	903	3203
520	chrX	4634340	4634743	NA	em_common_peak-5420	521	chrX	4636933	4637441	2	em_common_peak-5421	1.257057	927	928
520	chrX	4634340	4634743	NA	em_common_peak-5420	520	chrX	4634340	4634743	4	em_common_peak-5420	1.257057	927	928
523	chrX	4655868	4656210	NA	em_common_peak-5423	774	chrX	6406209	6406884	2	em_common_peak-5674	0.008089	932	1282
523	chrX	4655868	4656210	NA	em_common_peak-5423	775	chrX	6407334	6407810	2	em_common_peak-5675	0.008089	932	1282
523	chrX	4655868	4656210	NA	em_common_peak-5423	776	chrX	6409308	6409748	2	em_common_peak-5676	0.008089	932	1282
523	chrX	4655868	4656210	NA	em_common_peak-5423	2214	chrX	18966685	18967083	2	em_common_peak-7114	0.019837	932	3794
524	chrX	4657979	4658483	NA	em_common_peak-5424	774	chrX	6406209	6406884	2	em_common_peak-5674	0.008089	932	1282
524	chrX	4657979	4658483	NA	em_common_peak-5424	775	chrX	6407334	6407810	2	em_common_peak-5675	0.008089	932	1282
524	chrX	4657979	4658483	NA	em_common_peak-5424	776	chrX	6409308	6409748	2	em_common_peak-5676	0.008089	932	1282
524	chrX	4657979	4658483	NA	em_common_peak-5424	2214	chrX	18966685	18967083	2	em_common_peak-7114	0.019837	932	3794
545	chrX	4760115	4760493	NA	em_common_peak-5445	743	chrX	6152064	6152370	2	em_common_peak-5643	8.701244	952	1231
544	chrX	4755217	4755662	NA	em_common_peak-5444	743	chrX	6152064	6152370	2	em_common_peak-5643	8.701244	952	1231
554	chrX	4842723	4843078	NA	em_common_peak-5454	1925	chrX	15871340	15871697	2	em_common_peak-6825	4.949807	969	3175
556	chrX	4858416	4858710	NA	em_common_peak-5456	2282	chrX	19667713	19668127	2	em_common_peak-7182	0.094604	972	3934
556	chrX	4858416	4858710	NA	em_common_peak-5456	2281	chrX	19664715	19665553	3	em_common_peak-7181	0.094604	972	3934
563	chrX	4900926	4901294	NA	em_common_peak-5463	568	chrX	4908854	4909371	2	em_common_peak-5468	2.292907	981	982
563	chrX	4900926	4901294	NA	em_common_peak-5463	569	chrX	4909564	4910200	2	em_common_peak-5469	2.292907	981	982
563	chrX	4900926	4901294	NA	em_common_peak-5463	567	chrX	4904482	4904698	4	em_common_peak-5467	2.292907	981	982
564	chrX	4901343	4901667	NA	em_common_peak-5464	568	chrX	4908854	4909371	2	em_common_peak-5468	2.292907	981	982
564	chrX	4901343	4901667	NA	em_common_peak-5464	569	chrX	4909564	4910200	2	em_common_peak-5469	2.292907	981	982
564	chrX	4901343	4901667	NA	em_common_peak-5464	567	chrX	4904482	4904698	4	em_common_peak-5467	2.292907	981	982
565	chrX	4902022	4902402	NA	em_common_peak-5465	568	chrX	4908854	4909371	2	em_common_peak-5468	2.292907	981	982
565	chrX	4902022	4902402	NA	em_common_peak-5465	569	chrX	4909564	4910200	2	em_common_peak-5469	2.292907	981	982
565	chrX	4902022	4902402	NA	em_common_peak-5465	567	chrX	4904482	4904698	4	em_common_peak-5467	2.292907	981	982
566	chrX	4903551	4903832	NA	em_common_peak-5466	568	chrX	4908854	4909371	2	em_common_peak-5468	2.292907	981	982
566	chrX	4903551	4903832	NA	em_common_peak-5466	569	chrX	4909564	4910200	2	em_common_peak-5469	2.292907	981	982
566	chrX	4903551	4903832	NA	em_common_peak-5466	567	chrX	4904482	4904698	4	em_common_peak-5467	2.292907	981	982
567	chrX	4904482	4904698	NA	em_common_peak-5467	568	chrX	4908854	4909371	2	em_common_peak-5468	2.292907	981	982
567	chrX	4904482	4904698	NA	em_common_peak-5467	569	chrX	4909564	4910200	2	em_common_peak-5469	2.292907	981	982
567	chrX	4904482	4904698	NA	em_common_peak-5467	567	chrX	4904482	4904698	4	em_common_peak-5467	2.292907	981	982
562	chrX	4899518	4900098	NA	em_common_peak-5462	568	chrX	4908854	4909371	2	em_common_peak-5468	2.292907	981	982
562	chrX	4899518	4900098	NA	em_common_peak-5462	569	chrX	4909564	4910200	2	em_common_peak-5469	2.292907	981	982
562	chrX	4899518	4900098	NA	em_common_peak-5462	567	chrX	4904482	4904698	4	em_common_peak-5467	2.292907	981	982
568	chrX	4908854	4909371	NA	em_common_peak-5468	573	chrX	4915104	4915469	1	em_common_peak-5473	1.867641	982	983
568	chrX	4908854	4909371	NA	em_common_peak-5468	570	chrX	4910732	4911182	2	em_common_peak-5470	1.867641	982	983
568	chrX	4908854	4909371	NA	em_common_peak-5468	571	chrX	4911546	4911775	2	em_common_peak-5471	1.867641	982	983
568	chrX	4908854	4909371	NA	em_common_peak-5468	572	chrX	4911838	4911897	2	em_common_peak-5472	1.867641	982	983
568	chrX	4908854	4909371	NA	em_common_peak-5468	569	chrX	4909564	4910200	3	em_common_peak-5469	1.867641	982	983
569	chrX	4909564	4910200	NA	em_common_peak-5469	573	chrX	4915104	4915469	1	em_common_peak-5473	1.867641	982	983
569	chrX	4909564	4910200	NA	em_common_peak-5469	570	chrX	4910732	4911182	2	em_common_peak-5470	1.867641	982	983
569	chrX	4909564	4910200	NA	em_common_peak-5469	571	chrX	4911546	4911775	2	em_common_peak-5471	1.867641	982	983
569	chrX	4909564	4910200	NA	em_common_peak-5469	572	chrX	4911838	4911897	2	em_common_peak-5472	1.867641	982	983
569	chrX	4909564	4910200	NA	em_common_peak-5469	569	chrX	4909564	4910200	3	em_common_peak-5469	1.867641	982	983
567	chrX	4904482	4904698	NA	em_common_peak-5467	573	chrX	4915104	4915469	1	em_common_peak-5473	1.867641	982	983
567	chrX	4904482	4904698	NA	em_common_peak-5467	570	chrX	4910732	4911182	2	em_common_peak-5470	1.867641	982	983
567	chrX	4904482	4904698	NA	em_common_peak-5467	571	chrX	4911546	4911775	2	em_common_peak-5471	1.867641	982	983
567	chrX	4904482	4904698	NA	em_common_peak-5467	572	chrX	4911838	4911897	2	em_common_peak-5472	1.867641	982	983
567	chrX	4904482	4904698	NA	em_common_peak-5467	569	chrX	4909564	4910200	3	em_common_peak-5469	1.867641	982	983
573	chrX	4915104	4915469	NA	em_common_peak-5473	573	chrX	4915104	4915469	2	em_common_peak-5473	1.516794	983	984
573	chrX	4915104	4915469	NA	em_common_peak-5473	574	chrX	4916437	4916800	2	em_common_peak-5474	1.516794	983	984
573	chrX	4915104	4915469	NA	em_common_peak-5473	575	chrX	4918200	4918580	2	em_common_peak-5475	1.516794	983	984
570	chrX	4910732	4911182	NA	em_common_peak-5470	573	chrX	4915104	4915469	2	em_common_peak-5473	1.516794	983	984
570	chrX	4910732	4911182	NA	em_common_peak-5470	574	chrX	4916437	4916800	2	em_common_peak-5474	1.516794	983	984
570	chrX	4910732	4911182	NA	em_common_peak-5470	575	chrX	4918200	4918580	2	em_common_peak-5475	1.516794	983	984
571	chrX	4911546	4911775	NA	em_common_peak-5471	573	chrX	4915104	4915469	2	em_common_peak-5473	1.516794	983	984
571	chrX	4911546	4911775	NA	em_common_peak-5471	574	chrX	4916437	4916800	2	em_common_peak-5474	1.516794	983	984
571	chrX	4911546	4911775	NA	em_common_peak-5471	575	chrX	4918200	4918580	2	em_common_peak-5475	1.516794	983	984
572	chrX	4911838	4911897	NA	em_common_peak-5472	573	chrX	4915104	4915469	2	em_common_peak-5473	1.516794	983	984
572	chrX	4911838	4911897	NA	em_common_peak-5472	574	chrX	4916437	4916800	2	em_common_peak-5474	1.516794	983	984
572	chrX	4911838	4911897	NA	em_common_peak-5472	575	chrX	4918200	4918580	2	em_common_peak-5475	1.516794	983	984
569	chrX	4909564	4910200	NA	em_common_peak-5469	573	chrX	4915104	4915469	2	em_common_peak-5473	1.516794	983	984
569	chrX	4909564	4910200	NA	em_common_peak-5469	574	chrX	4916437	4916800	2	em_common_peak-5474	1.516794	983	984
569	chrX	4909564	4910200	NA	em_common_peak-5469	575	chrX	4918200	4918580	2	em_common_peak-5475	1.516794	983	984
573	chrX	4915104	4915469	NA	em_common_peak-5473	721	chrX	5860278	5860676	2	em_common_peak-5621	4.403837	984	1173
574	chrX	4916437	4916800	NA	em_common_peak-5474	721	chrX	5860278	5860676	2	em_common_peak-5621	4.403837	984	1173
575	chrX	4918200	4918580	NA	em_common_peak-5475	721	chrX	5860278	5860676	2	em_common_peak-5621	4.403837	984	1173
577	chrX	4931208	4931632	NA	em_common_peak-5477	825	chrX	6816759	6817116	2	em_common_peak-5725	1.257057	987	1364
578	chrX	4934520	4934881	NA	em_common_peak-5478	825	chrX	6816759	6817116	2	em_common_peak-5725	1.257057	987	1364
633	chrX	5187638	5187957	NA	em_common_peak-5533	1757	chrX	14160294	14160680	2	em_common_peak-6657	0.06643	1038	2833
634	chrX	5189777	5189984	NA	em_common_peak-5534	1757	chrX	14160294	14160680	2	em_common_peak-6657	0.06643	1038	2833
635	chrX	5190966	5191324	NA	em_common_peak-5535	637	chrX	5199183	5199561	2	em_common_peak-5537	0.708207	1039	1040
635	chrX	5190966	5191324	NA	em_common_peak-5535	646	chrX	5241731	5242227	2	em_common_peak-5546	1.058606	1039	1049
635	chrX	5190966	5191324	NA	em_common_peak-5535	647	chrX	5243641	5244043	2	em_common_peak-5547	1.058606	1039	1049
635	chrX	5190966	5191324	NA	em_common_peak-5535	648	chrX	5244152	5244664	2	em_common_peak-5548	1.058606	1039	1049
635	chrX	5190966	5191324	NA	em_common_peak-5535	694	chrX	5567324	5567655	2	em_common_peak-5594	2.751151	1039	1114
636	chrX	5192162	5192640	NA	em_common_peak-5536	637	chrX	5199183	5199561	2	em_common_peak-5537	0.708207	1039	1040
636	chrX	5192162	5192640	NA	em_common_peak-5536	646	chrX	5241731	5242227	2	em_common_peak-5546	1.058606	1039	1049
636	chrX	5192162	5192640	NA	em_common_peak-5536	647	chrX	5243641	5244043	2	em_common_peak-5547	1.058606	1039	1049
636	chrX	5192162	5192640	NA	em_common_peak-5536	648	chrX	5244152	5244664	2	em_common_peak-5548	1.058606	1039	1049
636	chrX	5192162	5192640	NA	em_common_peak-5536	694	chrX	5567324	5567655	2	em_common_peak-5594	2.751151	1039	1114
634	chrX	5189777	5189984	NA	em_common_peak-5534	637	chrX	5199183	5199561	2	em_common_peak-5537	0.708207	1039	1040
634	chrX	5189777	5189984	NA	em_common_peak-5534	646	chrX	5241731	5242227	2	em_common_peak-5546	1.058606	1039	1049
634	chrX	5189777	5189984	NA	em_common_peak-5534	647	chrX	5243641	5244043	2	em_common_peak-5547	1.058606	1039	1049
634	chrX	5189777	5189984	NA	em_common_peak-5534	648	chrX	5244152	5244664	2	em_common_peak-5548	1.058606	1039	1049
634	chrX	5189777	5189984	NA	em_common_peak-5534	694	chrX	5567324	5567655	2	em_common_peak-5594	2.751151	1039	1114
640	chrX	5216408	5216716	NA	em_common_peak-5540	900	chrX	7415393	7415646	2	em_common_peak-5800	1.198472	1044	1484
646	chrX	5241731	5242227	NA	em_common_peak-5546	690	chrX	5509647	5510183	3	em_common_peak-5590	0.572878	1049	1103
647	chrX	5243641	5244043	NA	em_common_peak-5547	690	chrX	5509647	5510183	3	em_common_peak-5590	0.572878	1049	1103
648	chrX	5244152	5244664	NA	em_common_peak-5548	690	chrX	5509647	5510183	3	em_common_peak-5590	0.572878	1049	1103
650	chrX	5249940	5250624	NA	em_common_peak-5550	670	chrX	5348124	5348678	2	em_common_peak-5570	1.232357	1051	1070
650	chrX	5249940	5250624	NA	em_common_peak-5550	671	chrX	5349452	5349730	2	em_common_peak-5571	1.232357	1051	1070
663	chrX	5296985	5297384	NA	em_common_peak-5563	1598	chrX	12972303	12972588	2	em_common_peak-6498	0.456988	1060	2595
664	chrX	5297621	5298036	NA	em_common_peak-5564	1598	chrX	12972303	12972588	2	em_common_peak-6498	0.456988	1060	2595
670	chrX	5348124	5348678	NA	em_common_peak-5570	673	chrX	5355015	5355513	1	em_common_peak-5573	0.049908	1070	1071
670	chrX	5348124	5348678	NA	em_common_peak-5570	672	chrX	5350867	5351101	2	em_common_peak-5572	0.049908	1070	1071
670	chrX	5348124	5348678	NA	em_common_peak-5570	671	chrX	5349452	5349730	4	em_common_peak-5571	0.049908	1070	1071
671	chrX	5349452	5349730	NA	em_common_peak-5571	673	chrX	5355015	5355513	1	em_common_peak-5573	0.049908	1070	1071
671	chrX	5349452	5349730	NA	em_common_peak-5571	672	chrX	5350867	5351101	2	em_common_peak-5572	0.049908	1070	1071
671	chrX	5349452	5349730	NA	em_common_peak-5571	671	chrX	5349452	5349730	4	em_common_peak-5571	0.049908	1070	1071
706	chrX	5734562	5734851	NA	em_common_peak-5606	707	chrX	5734948	5735345	3	em_common_peak-5607	3.453715	1147	1148
706	chrX	5734562	5734851	NA	em_common_peak-5606	706	chrX	5734562	5734851	4	em_common_peak-5606	3.453715	1147	1148
707	chrX	5734948	5735345	NA	em_common_peak-5607	707	chrX	5734948	5735345	3	em_common_peak-5607	3.453715	1147	1148
707	chrX	5734948	5735345	NA	em_common_peak-5607	706	chrX	5734562	5734851	4	em_common_peak-5606	3.453715	1147	1148
705	chrX	5729434	5729732	NA	em_common_peak-5605	707	chrX	5734948	5735345	3	em_common_peak-5607	3.453715	1147	1148
705	chrX	5729434	5729732	NA	em_common_peak-5605	706	chrX	5734562	5734851	4	em_common_peak-5606	3.453715	1147	1148
708	chrX	5741966	5742409	NA	em_common_peak-5608	710	chrX	5755344	5755691	2	em_common_peak-5610	7.404846	1149	1152
711	chrX	5761871	5762297	NA	em_common_peak-5611	712	chrX	5767947	5768439	2	em_common_peak-5612	0.006288	1153	1154
719	chrX	5827449	5827889	NA	em_common_peak-5619	868	chrX	7179619	7180120	2	em_common_peak-5768	0.005883	1166	1436
720	chrX	5829384	5829812	NA	em_common_peak-5620	868	chrX	7179619	7180120	2	em_common_peak-5768	0.005883	1166	1436
725	chrX	5898663	5899082	NA	em_common_peak-5625	726	chrX	5904375	5905215	2	em_common_peak-5626	1.455481	1180	1181
730	chrX	5975121	5975479	NA	em_common_peak-5630	1031	chrX	8446076	8446555	2	em_common_peak-5931	0.008674	1196	1690
730	chrX	5975121	5975479	NA	em_common_peak-5630	1454	chrX	11731579	11731955	2	em_common_peak-6354	0.000271	1196	2347
730	chrX	5975121	5975479	NA	em_common_peak-5630	2136	chrX	18182693	18183175	2	em_common_peak-7036	0.02642	1196	3637
730	chrX	5975121	5975479	NA	em_common_peak-5630	2249	chrX	19280608	19280893	2	em_common_peak-7149	11.046155	1196	3857
730	chrX	5975121	5975479	NA	em_common_peak-5630	2250	chrX	19281070	19282060	2	em_common_peak-7150	11.046155	1196	3857
730	chrX	5975121	5975479	NA	em_common_peak-5630	2248	chrX	19279302	19279768	4	em_common_peak-7148	11.046155	1196	3857
731	chrX	6004682	6005115	NA	em_common_peak-5631	2270	chrX	19529758	19530335	3	em_common_peak-7170	0.265313	1201	3907
740	chrX	6110009	6110439	NA	em_common_peak-5640	1977	chrX	16425489	16425849	2	em_common_peak-6877	0.861462	1223	3286
740	chrX	6110009	6110439	NA	em_common_peak-5640	1978	chrX	16426751	16427208	2	em_common_peak-6878	0.861462	1223	3286
741	chrX	6113680	6113893	NA	em_common_peak-5641	1977	chrX	16425489	16425849	2	em_common_peak-6877	0.861462	1223	3286
741	chrX	6113680	6113893	NA	em_common_peak-5641	1978	chrX	16426751	16427208	2	em_common_peak-6878	0.861462	1223	3286
777	chrX	6411383	6411747	NA	em_common_peak-5677	869	chrX	7182396	7182668	2	em_common_peak-5769	9.175673	1283	1437
777	chrX	6411383	6411747	NA	em_common_peak-5677	870	chrX	7184406	7184701	2	em_common_peak-5770	9.175673	1283	1437
777	chrX	6411383	6411747	NA	em_common_peak-5677	871	chrX	7184859	7185188	2	em_common_peak-5771	9.175673	1283	1437
777	chrX	6411383	6411747	NA	em_common_peak-5677	868	chrX	7179619	7180120	3	em_common_peak-5768	9.175673	1283	1437
776	chrX	6409308	6409748	NA	em_common_peak-5676	869	chrX	7182396	7182668	2	em_common_peak-5769	9.175673	1283	1437
776	chrX	6409308	6409748	NA	em_common_peak-5676	870	chrX	7184406	7184701	2	em_common_peak-5770	9.175673	1283	1437
776	chrX	6409308	6409748	NA	em_common_peak-5676	871	chrX	7184859	7185188	2	em_common_peak-5771	9.175673	1283	1437
776	chrX	6409308	6409748	NA	em_common_peak-5676	868	chrX	7179619	7180120	3	em_common_peak-5768	9.175673	1283	1437
778	chrX	6424832	6425240	NA	em_common_peak-5678	779	chrX	6429145	6429419	2	em_common_peak-5679	1.356315	1285	1286
778	chrX	6424832	6425240	NA	em_common_peak-5678	778	chrX	6424832	6425240	3	em_common_peak-5678	1.356315	1285	1286
780	chrX	6443358	6443724	NA	em_common_peak-5680	781	chrX	6448609	6448938	2	em_common_peak-5681	0.907156	1289	1290
780	chrX	6443358	6443724	NA	em_common_peak-5680	782	chrX	6449135	6449440	2	em_common_peak-5682	0.907156	1289	1290
780	chrX	6443358	6443724	NA	em_common_peak-5680	799	chrX	6546870	6547379	2	em_common_peak-5699	0.267808	1289	1310
798	chrX	6540249	6540684	NA	em_common_peak-5698	800	chrX	6557691	6557974	2	em_common_peak-5700	1.78828	1309	1312
799	chrX	6546870	6547379	NA	em_common_peak-5699	802	chrX	6565495	6566188	1	em_common_peak-5702	0.719643	1310	1313
799	chrX	6546870	6547379	NA	em_common_peak-5699	801	chrX	6564451	6564738	2	em_common_peak-5701	0.719643	1310	1313
802	chrX	6565495	6566188	NA	em_common_peak-5702	2270	chrX	19529758	19530335	3	em_common_peak-7170	0.365048	1314	3907
801	chrX	6564451	6564738	NA	em_common_peak-5701	2270	chrX	19529758	19530335	3	em_common_peak-7170	0.365048	1314	3907
812	chrX	6731694	6732037	NA	em_common_peak-5712	813	chrX	6734927	6735328	3	em_common_peak-5713	0.73671	1347	1348
813	chrX	6734927	6735328	NA	em_common_peak-5713	813	chrX	6734927	6735328	3	em_common_peak-5713	0.73671	1347	1348
829	chrX	6867972	6868245	NA	em_common_peak-5729	957	chrX	7931753	7932014	2	em_common_peak-5857	0.511628	1374	1587
829	chrX	6867972	6868245	NA	em_common_peak-5729	958	chrX	7933577	7933911	2	em_common_peak-5858	0.511628	1374	1587
836	chrX	6975036	6975386	NA	em_common_peak-5736	836	chrX	6975036	6975386	2	em_common_peak-5736	3.138309	1395	1396
836	chrX	6975036	6975386	NA	em_common_peak-5736	837	chrX	6976598	6977371	2	em_common_peak-5737	3.138309	1395	1396
836	chrX	6975036	6975386	NA	em_common_peak-5736	838	chrX	6977753	6978066	2	em_common_peak-5738	3.138309	1395	1396
835	chrX	6973240	6973717	NA	em_common_peak-5735	836	chrX	6975036	6975386	2	em_common_peak-5736	3.138309	1395	1396
835	chrX	6973240	6973717	NA	em_common_peak-5735	837	chrX	6976598	6977371	2	em_common_peak-5737	3.138309	1395	1396
835	chrX	6973240	6973717	NA	em_common_peak-5735	838	chrX	6977753	6978066	2	em_common_peak-5738	3.138309	1395	1396
836	chrX	6975036	6975386	NA	em_common_peak-5736	1411	chrX	11316818	11317059	2	em_common_peak-6311	2.859132	1396	2264
836	chrX	6975036	6975386	NA	em_common_peak-5736	1412	chrX	11319414	11319765	2	em_common_peak-6312	2.859132	1396	2264
837	chrX	6976598	6977371	NA	em_common_peak-5737	1411	chrX	11316818	11317059	2	em_common_peak-6311	2.859132	1396	2264
837	chrX	6976598	6977371	NA	em_common_peak-5737	1412	chrX	11319414	11319765	2	em_common_peak-6312	2.859132	1396	2264
838	chrX	6977753	6978066	NA	em_common_peak-5738	1411	chrX	11316818	11317059	2	em_common_peak-6311	2.859132	1396	2264
838	chrX	6977753	6978066	NA	em_common_peak-5738	1412	chrX	11319414	11319765	2	em_common_peak-6312	2.859132	1396	2264
856	chrX	7103243	7103952	NA	em_common_peak-5756	857	chrX	7108643	7109026	2	em_common_peak-5757	1.664032	1421	1422
856	chrX	7103243	7103952	NA	em_common_peak-5756	862	chrX	7130003	7130747	1	em_common_peak-5762	1.045584	1421	1426
856	chrX	7103243	7103952	NA	em_common_peak-5756	861	chrX	7128338	7128805	2	em_common_peak-5761	1.045584	1421	1426
856	chrX	7103243	7103952	NA	em_common_peak-5756	860	chrX	7124782	7125138	3	em_common_peak-5760	1.045584	1421	1426
859	chrX	7122337	7122699	NA	em_common_peak-5759	862	chrX	7130003	7130747	1	em_common_peak-5762	0.773127	1425	1426
859	chrX	7122337	7122699	NA	em_common_peak-5759	861	chrX	7128338	7128805	2	em_common_peak-5761	0.773127	1425	1426
859	chrX	7122337	7122699	NA	em_common_peak-5759	860	chrX	7124782	7125138	3	em_common_peak-5760	0.773127	1425	1426
860	chrX	7124782	7125138	NA	em_common_peak-5760	862	chrX	7130003	7130747	1	em_common_peak-5762	0.773127	1425	1426
860	chrX	7124782	7125138	NA	em_common_peak-5760	861	chrX	7128338	7128805	2	em_common_peak-5761	0.773127	1425	1426
860	chrX	7124782	7125138	NA	em_common_peak-5760	860	chrX	7124782	7125138	3	em_common_peak-5760	0.773127	1425	1426
862	chrX	7130003	7130747	NA	em_common_peak-5762	1044	chrX	8541906	8542323	2	em_common_peak-5944	1.37002	1426	1709
862	chrX	7130003	7130747	NA	em_common_peak-5762	1597	chrX	12924692	12925089	2	em_common_peak-6497	0.023727	1426	2585
861	chrX	7128338	7128805	NA	em_common_peak-5761	1044	chrX	8541906	8542323	2	em_common_peak-5944	1.37002	1426	1709
861	chrX	7128338	7128805	NA	em_common_peak-5761	1597	chrX	12924692	12925089	2	em_common_peak-6497	0.023727	1426	2585
860	chrX	7124782	7125138	NA	em_common_peak-5760	1044	chrX	8541906	8542323	2	em_common_peak-5944	1.37002	1426	1709
860	chrX	7124782	7125138	NA	em_common_peak-5760	1597	chrX	12924692	12925089	2	em_common_peak-6497	0.023727	1426	2585
864	chrX	7149689	7150146	NA	em_common_peak-5764	1250	chrX	9851887	9852429	2	em_common_peak-6150	3.242586	1430	1971
864	chrX	7149689	7150146	NA	em_common_peak-5764	1251	chrX	9853045	9853402	2	em_common_peak-6151	3.242586	1430	1971
869	chrX	7182396	7182668	NA	em_common_peak-5769	873	chrX	7196710	7197098	2	em_common_peak-5773	0.283243	1437	1440
870	chrX	7184406	7184701	NA	em_common_peak-5770	873	chrX	7196710	7197098	2	em_common_peak-5773	0.283243	1437	1440
871	chrX	7184859	7185188	NA	em_common_peak-5771	873	chrX	7196710	7197098	2	em_common_peak-5773	0.283243	1437	1440
868	chrX	7179619	7180120	NA	em_common_peak-5768	873	chrX	7196710	7197098	2	em_common_peak-5773	0.283243	1437	1440
873	chrX	7196710	7197098	NA	em_common_peak-5773	1359	chrX	10759874	10760248	3	em_common_peak-6259	4.9e-05	1440	2153
875	chrX	7205875	7205939	NA	em_common_peak-5775	1089	chrX	8776660	8777250	2	em_common_peak-5989	8.860165	1442	1756
875	chrX	7205875	7205939	NA	em_common_peak-5775	1090	chrX	8778039	8778484	2	em_common_peak-5990	8.860165	1442	1756
874	chrX	7204394	7204784	NA	em_common_peak-5774	1089	chrX	8776660	8777250	2	em_common_peak-5989	8.860165	1442	1756
874	chrX	7204394	7204784	NA	em_common_peak-5774	1090	chrX	8778039	8778484	2	em_common_peak-5990	8.860165	1442	1756
897	chrX	7380221	7380704	NA	em_common_peak-5797	1329	chrX	10495491	10495778	2	em_common_peak-6229	0.80494	1477	2100
901	chrX	7420552	7421076	NA	em_common_peak-5801	911	chrX	7485219	7485488	1	em_common_peak-5811	6.75582	1485	1497
901	chrX	7420552	7421076	NA	em_common_peak-5801	909	chrX	7483382	7483744	2	em_common_peak-5809	6.75582	1485	1497
901	chrX	7420552	7421076	NA	em_common_peak-5801	910	chrX	7483961	7484340	2	em_common_peak-5810	6.75582	1485	1497
911	chrX	7485219	7485488	NA	em_common_peak-5811	1379	chrX	10992452	10992929	2	em_common_peak-6279	0.107443	1497	2199
909	chrX	7483382	7483744	NA	em_common_peak-5809	1379	chrX	10992452	10992929	2	em_common_peak-6279	0.107443	1497	2199
910	chrX	7483961	7484340	NA	em_common_peak-5810	1379	chrX	10992452	10992929	2	em_common_peak-6279	0.107443	1497	2199
925	chrX	7552549	7552921	NA	em_common_peak-5825	970	chrX	8059968	8060487	2	em_common_peak-5870	0.064685	1511	1612
926	chrX	7560139	7560631	NA	em_common_peak-5826	1034	chrX	8475815	8476335	2	em_common_peak-5934	0.002152	1513	1696
926	chrX	7560139	7560631	NA	em_common_peak-5826	1035	chrX	8476681	8477199	2	em_common_peak-5935	0.002152	1513	1696
927	chrX	7561846	7562220	NA	em_common_peak-5827	1034	chrX	8475815	8476335	2	em_common_peak-5934	0.002152	1513	1696
927	chrX	7561846	7562220	NA	em_common_peak-5827	1035	chrX	8476681	8477199	2	em_common_peak-5935	0.002152	1513	1696
945	chrX	7870283	7870640	NA	em_common_peak-5845	945	chrX	7870283	7870640	2	em_common_peak-5845	1.644894	1574	1575
945	chrX	7870283	7870640	NA	em_common_peak-5845	946	chrX	7870780	7871104	2	em_common_peak-5846	1.644894	1574	1575
945	chrX	7870283	7870640	NA	em_common_peak-5845	947	chrX	7874790	7875150	2	em_common_peak-5847	1.644894	1574	1575
944	chrX	7868348	7868671	NA	em_common_peak-5844	945	chrX	7870283	7870640	2	em_common_peak-5845	1.644894	1574	1575
944	chrX	7868348	7868671	NA	em_common_peak-5844	946	chrX	7870780	7871104	2	em_common_peak-5846	1.644894	1574	1575
944	chrX	7868348	7868671	NA	em_common_peak-5844	947	chrX	7874790	7875150	2	em_common_peak-5847	1.644894	1574	1575
954	chrX	7918611	7918921	NA	em_common_peak-5854	959	chrX	7943083	7943547	2	em_common_peak-5859	3.459682	1584	1589
957	chrX	7931753	7932014	NA	em_common_peak-5857	971	chrX	8064577	8064904	2	em_common_peak-5871	0.339711	1587	1613
957	chrX	7931753	7932014	NA	em_common_peak-5857	970	chrX	8059968	8060487	3	em_common_peak-5870	0.339711	1587	1613
958	chrX	7933577	7933911	NA	em_common_peak-5858	971	chrX	8064577	8064904	2	em_common_peak-5871	0.339711	1587	1613
958	chrX	7933577	7933911	NA	em_common_peak-5858	970	chrX	8059968	8060487	3	em_common_peak-5870	0.339711	1587	1613
988	chrX	8195152	8195463	NA	em_common_peak-5888	1002	chrX	8260066	8260590	1	em_common_peak-5902	5.804493	1640	1652
988	chrX	8195152	8195463	NA	em_common_peak-5888	1001	chrX	8255695	8255991	2	em_common_peak-5901	5.804493	1640	1652
1002	chrX	8260066	8260590	NA	em_common_peak-5902	1003	chrX	8277765	8278137	2	em_common_peak-5903	3.151656	1652	1656
1001	chrX	8255695	8255991	NA	em_common_peak-5901	1003	chrX	8277765	8278137	2	em_common_peak-5903	3.151656	1652	1656
1003	chrX	8277765	8278137	NA	em_common_peak-5903	1252	chrX	9868018	9868312	2	em_common_peak-6152	1.269098	1656	1974
1005	chrX	8286328	8286752	NA	em_common_peak-5905	1619	chrX	13199436	13199799	2	em_common_peak-6519	0.782156	1658	2640
1006	chrX	8287389	8287704	NA	em_common_peak-5906	1619	chrX	13199436	13199799	2	em_common_peak-6519	0.782156	1658	2640
1016	chrX	8349035	8349434	NA	em_common_peak-5916	1538	chrX	12446782	12447250	2	em_common_peak-6438	5.806576	1670	2490
1016	chrX	8349035	8349434	NA	em_common_peak-5916	1539	chrX	12448454	12448973	2	em_common_peak-6439	5.806576	1670	2490
1016	chrX	8349035	8349434	NA	em_common_peak-5916	2386	chrX	21049660	21050491	2	em_common_peak-7286	5.806576	1670	4210
1017	chrX	8349520	8349815	NA	em_common_peak-5917	1538	chrX	12446782	12447250	2	em_common_peak-6438	5.806576	1670	2490
1017	chrX	8349520	8349815	NA	em_common_peak-5917	1539	chrX	12448454	12448973	2	em_common_peak-6439	5.806576	1670	2490
1017	chrX	8349520	8349815	NA	em_common_peak-5917	2386	chrX	21049660	21050491	2	em_common_peak-7286	5.806576	1670	4210
1015	chrX	8344078	8344617	NA	em_common_peak-5915	1538	chrX	12446782	12447250	2	em_common_peak-6438	5.806576	1670	2490
1015	chrX	8344078	8344617	NA	em_common_peak-5915	1539	chrX	12448454	12448973	2	em_common_peak-6439	5.806576	1670	2490
1015	chrX	8344078	8344617	NA	em_common_peak-5915	2386	chrX	21049660	21050491	2	em_common_peak-7286	5.806576	1670	4210
1020	chrX	8392106	8392468	NA	em_common_peak-5920	1027	chrX	8420388	8421028	1	em_common_peak-5927	1.469357	1679	1684
1020	chrX	8392106	8392468	NA	em_common_peak-5920	1026	chrX	8418600	8419073	2	em_common_peak-5926	1.469357	1679	1684
1020	chrX	8392106	8392468	NA	em_common_peak-5920	1025	chrX	8414776	8415200	3	em_common_peak-5925	1.469357	1679	1684
1032	chrX	8461307	8461759	NA	em_common_peak-5932	1046	chrX	8555062	8555522	2	em_common_peak-5946	0.647289	1693	1712
1032	chrX	8461307	8461759	NA	em_common_peak-5932	1047	chrX	8556348	8556798	2	em_common_peak-5947	0.647289	1693	1712
1032	chrX	8461307	8461759	NA	em_common_peak-5932	1048	chrX	8557778	8558173	2	em_common_peak-5948	0.647289	1693	1712
1036	chrX	8501131	8501547	NA	em_common_peak-5936	1037	chrX	8509153	8509515	2	em_common_peak-5937	7.636268	1701	1702
1040	chrX	8524451	8524815	NA	em_common_peak-5940	1044	chrX	8541906	8542323	2	em_common_peak-5944	0.077185	1705	1709
1040	chrX	8524451	8524815	NA	em_common_peak-5940	1073	chrX	8697770	8698140	2	em_common_peak-5973	7.803439	1705	1740
1040	chrX	8524451	8524815	NA	em_common_peak-5940	1072	chrX	8694803	8695458	3	em_common_peak-5972	7.803439	1705	1740
1050	chrX	8567890	8568097	NA	em_common_peak-5950	1051	chrX	8578095	8578483	2	em_common_peak-5951	0.037484	1714	1716
1051	chrX	8578095	8578483	NA	em_common_peak-5951	1079	chrX	8729852	8730322	2	em_common_peak-5979	2.029416	1716	1746
1051	chrX	8578095	8578483	NA	em_common_peak-5951	1205	chrX	9555717	9556004	2	em_common_peak-6105	1.806435	1716	1912
1056	chrX	8600443	8600888	NA	em_common_peak-5956	1056	chrX	8600443	8600888	2	em_common_peak-5956	0.098135	1720	1721
1056	chrX	8600443	8600888	NA	em_common_peak-5956	1055	chrX	8599669	8600082	3	em_common_peak-5955	0.098135	1720	1721
1054	chrX	8597600	8597807	NA	em_common_peak-5954	1056	chrX	8600443	8600888	2	em_common_peak-5956	0.098135	1720	1721
1054	chrX	8597600	8597807	NA	em_common_peak-5954	1055	chrX	8599669	8600082	3	em_common_peak-5955	0.098135	1720	1721
1055	chrX	8599669	8600082	NA	em_common_peak-5955	1056	chrX	8600443	8600888	2	em_common_peak-5956	0.098135	1720	1721
1055	chrX	8599669	8600082	NA	em_common_peak-5955	1055	chrX	8599669	8600082	3	em_common_peak-5955	0.098135	1720	1721
1056	chrX	8600443	8600888	NA	em_common_peak-5956	1083	chrX	8755910	8756436	2	em_common_peak-5983	0.005285	1721	1752
1056	chrX	8600443	8600888	NA	em_common_peak-5956	1084	chrX	8757867	8758360	2	em_common_peak-5984	0.005285	1721	1752
1055	chrX	8599669	8600082	NA	em_common_peak-5955	1083	chrX	8755910	8756436	2	em_common_peak-5983	0.005285	1721	1752
1055	chrX	8599669	8600082	NA	em_common_peak-5955	1084	chrX	8757867	8758360	2	em_common_peak-5984	0.005285	1721	1752
1066	chrX	8675179	8675736	NA	em_common_peak-5966	1079	chrX	8729852	8730322	3	em_common_peak-5979	6.275842	1735	1747
1064	chrX	8672488	8673050	NA	em_common_peak-5964	1079	chrX	8729852	8730322	3	em_common_peak-5979	6.275842	1735	1747
1065	chrX	8673642	8673985	NA	em_common_peak-5965	1079	chrX	8729852	8730322	3	em_common_peak-5979	6.275842	1735	1747
1063	chrX	8669699	8670153	NA	em_common_peak-5963	1079	chrX	8729852	8730322	3	em_common_peak-5979	6.275842	1735	1747
1083	chrX	8755910	8756436	NA	em_common_peak-5983	1085	chrX	8762426	8762875	2	em_common_peak-5985	0.00043	1752	1753
1083	chrX	8755910	8756436	NA	em_common_peak-5983	1086	chrX	8763999	8764441	2	em_common_peak-5986	0.00043	1752	1753
1083	chrX	8755910	8756436	NA	em_common_peak-5983	1924	chrX	15865540	15866022	2	em_common_peak-6824	0.004505	1752	3174
1084	chrX	8757867	8758360	NA	em_common_peak-5984	1085	chrX	8762426	8762875	2	em_common_peak-5985	0.00043	1752	1753
1084	chrX	8757867	8758360	NA	em_common_peak-5984	1086	chrX	8763999	8764441	2	em_common_peak-5986	0.00043	1752	1753
1084	chrX	8757867	8758360	NA	em_common_peak-5984	1924	chrX	15865540	15866022	2	em_common_peak-6824	0.004505	1752	3174
1085	chrX	8762426	8762875	NA	em_common_peak-5985	1928	chrX	15986599	15986917	2	em_common_peak-6828	0.099751	1753	3198
1085	chrX	8762426	8762875	NA	em_common_peak-5985	1927	chrX	15984782	15985185	3	em_common_peak-6827	0.099751	1753	3198
1086	chrX	8763999	8764441	NA	em_common_peak-5986	1928	chrX	15986599	15986917	2	em_common_peak-6828	0.099751	1753	3198
1086	chrX	8763999	8764441	NA	em_common_peak-5986	1927	chrX	15984782	15985185	3	em_common_peak-6827	0.099751	1753	3198
1116	chrX	8890158	8890902	NA	em_common_peak-6016	1116	chrX	8890158	8890902	2	em_common_peak-6016	0.070816	1778	1779
1116	chrX	8890158	8890902	NA	em_common_peak-6016	1117	chrX	8893172	8893779	2	em_common_peak-6017	0.070816	1778	1779
1116	chrX	8890158	8890902	NA	em_common_peak-6016	1115	chrX	8889428	8889812	4	em_common_peak-6015	0.070816	1778	1779
1113	chrX	8887420	8888044	NA	em_common_peak-6013	1116	chrX	8890158	8890902	2	em_common_peak-6016	0.070816	1778	1779
1113	chrX	8887420	8888044	NA	em_common_peak-6013	1117	chrX	8893172	8893779	2	em_common_peak-6017	0.070816	1778	1779
1113	chrX	8887420	8888044	NA	em_common_peak-6013	1115	chrX	8889428	8889812	4	em_common_peak-6015	0.070816	1778	1779
1114	chrX	8888148	8888638	NA	em_common_peak-6014	1116	chrX	8890158	8890902	2	em_common_peak-6016	0.070816	1778	1779
1114	chrX	8888148	8888638	NA	em_common_peak-6014	1117	chrX	8893172	8893779	2	em_common_peak-6017	0.070816	1778	1779
1114	chrX	8888148	8888638	NA	em_common_peak-6014	1115	chrX	8889428	8889812	4	em_common_peak-6015	0.070816	1778	1779
1115	chrX	8889428	8889812	NA	em_common_peak-6015	1116	chrX	8890158	8890902	2	em_common_peak-6016	0.070816	1778	1779
1115	chrX	8889428	8889812	NA	em_common_peak-6015	1117	chrX	8893172	8893779	2	em_common_peak-6017	0.070816	1778	1779
1115	chrX	8889428	8889812	NA	em_common_peak-6015	1115	chrX	8889428	8889812	4	em_common_peak-6015	0.070816	1778	1779
1119	chrX	8907334	8907832	NA	em_common_peak-6019	1120	chrX	8912626	8912902	2	em_common_peak-6020	1.48883	1782	1783
1119	chrX	8907334	8907832	NA	em_common_peak-6019	1557	chrX	12578462	12578766	2	em_common_peak-6457	0.397508	1782	2516
1119	chrX	8907334	8907832	NA	em_common_peak-6019	1556	chrX	12574837	12575241	3	em_common_peak-6456	0.397508	1782	2516
1125	chrX	8933885	8934159	NA	em_common_peak-6025	1519	chrX	12295902	12296264	2	em_common_peak-6419	0.106542	1787	2460
1132	chrX	8969628	8970029	NA	em_common_peak-6032	1133	chrX	8971524	8971992	2	em_common_peak-6033	0.813117	1794	1795
1132	chrX	8969628	8970029	NA	em_common_peak-6032	1132	chrX	8969628	8970029	3	em_common_peak-6032	0.813117	1794	1795
1144	chrX	9084762	9084999	NA	em_common_peak-6044	1245	chrX	9820362	9820720	1	em_common_peak-6145	0.444205	1817	1964
1144	chrX	9084762	9084999	NA	em_common_peak-6044	1244	chrX	9819798	9820215	2	em_common_peak-6144	0.444205	1817	1964
1144	chrX	9084762	9084999	NA	em_common_peak-6044	1896	chrX	15520215	15520757	2	em_common_peak-6796	0.768997	1817	3105
1145	chrX	9108127	9108417	NA	em_common_peak-6045	1604	chrX	13041120	13041513	2	em_common_peak-6504	0.030897	1822	2609
1145	chrX	9108127	9108417	NA	em_common_peak-6045	1605	chrX	13043136	13043488	2	em_common_peak-6505	0.030897	1822	2609
1145	chrX	9108127	9108417	NA	em_common_peak-6045	1603	chrX	13039539	13039831	4	em_common_peak-6503	0.030897	1822	2609
1145	chrX	9108127	9108417	NA	em_common_peak-6045	2150	chrX	18365481	18365959	2	em_common_peak-7050	0.796491	1822	3674
1145	chrX	9108127	9108417	NA	em_common_peak-6045	2151	chrX	18367149	18367462	2	em_common_peak-7051	0.796491	1822	3674
1145	chrX	9108127	9108417	NA	em_common_peak-6045	2152	chrX	18367841	18368223	2	em_common_peak-7052	0.796491	1822	3674
1145	chrX	9108127	9108417	NA	em_common_peak-6045	2153	chrX	18369599	18369918	2	em_common_peak-7053	0.796491	1822	3674
1147	chrX	9184541	9184873	NA	em_common_peak-6047	1835	chrX	14719496	14720158	3	em_common_peak-6735	0.775287	1837	2945
1151	chrX	9208683	9209038	NA	em_common_peak-6051	1160	chrX	9252874	9253294	2	em_common_peak-6060	0.026515	1842	1851
1154	chrX	9243610	9244056	NA	em_common_peak-6054	1160	chrX	9252874	9253294	2	em_common_peak-6060	5.323518	1849	1851
1155	chrX	9244156	9244490	NA	em_common_peak-6055	1160	chrX	9252874	9253294	2	em_common_peak-6060	5.323518	1849	1851
1153	chrX	9239783	9240319	NA	em_common_peak-6053	1160	chrX	9252874	9253294	2	em_common_peak-6060	5.323518	1849	1851
1156	chrX	9245774	9246242	NA	em_common_peak-6056	1160	chrX	9252874	9253294	2	em_common_peak-6060	0.283388	1850	1851
1157	chrX	9247206	9247495	NA	em_common_peak-6057	1160	chrX	9252874	9253294	2	em_common_peak-6060	0.283388	1850	1851
1158	chrX	9247594	9247954	NA	em_common_peak-6058	1160	chrX	9252874	9253294	2	em_common_peak-6060	0.283388	1850	1851
1159	chrX	9248686	9249230	NA	em_common_peak-6059	1160	chrX	9252874	9253294	2	em_common_peak-6060	0.283388	1850	1851
1171	chrX	9307558	9308126	NA	em_common_peak-6071	1199	chrX	9507876	9508096	2	em_common_peak-6099	6.523744	1862	1902
1195	chrX	9445014	9445370	NA	em_common_peak-6095	1202	chrX	9526863	9527268	2	em_common_peak-6102	10.363597	1889	1906
1194	chrX	9441549	9441847	NA	em_common_peak-6094	1202	chrX	9526863	9527268	2	em_common_peak-6102	10.363597	1889	1906
1199	chrX	9507876	9508096	NA	em_common_peak-6099	1200	chrX	9511703	9512076	2	em_common_peak-6100	0.083256	1902	1903
1206	chrX	9569102	9569495	NA	em_common_peak-6106	1297	chrX	10210013	10210529	2	em_common_peak-6197	0.036415	1914	2043
1206	chrX	9569102	9569495	NA	em_common_peak-6106	1298	chrX	10210967	10211440	2	em_common_peak-6198	0.036415	1914	2043
1216	chrX	9615599	9615800	NA	em_common_peak-6116	1217	chrX	9620918	9621410	2	em_common_peak-6117	3.208828	1924	1925
1216	chrX	9615599	9615800	NA	em_common_peak-6116	1218	chrX	9623876	9624100	2	em_common_peak-6118	3.208828	1924	1925
1220	chrX	9641155	9641454	NA	em_common_peak-6120	2134	chrX	18144563	18145010	3	em_common_peak-7034	1.127449	1929	3630
1221	chrX	9642293	9642654	NA	em_common_peak-6121	2134	chrX	18144563	18145010	3	em_common_peak-7034	1.127449	1929	3630
1254	chrX	9881462	9881807	NA	em_common_peak-6154	1262	chrX	9939913	9940441	3	em_common_peak-6162	0.673447	1977	1989
1255	chrX	9883927	9884365	NA	em_common_peak-6155	1262	chrX	9939913	9940441	3	em_common_peak-6162	0.673447	1977	1989
1256	chrX	9884982	9885438	NA	em_common_peak-6156	1262	chrX	9939913	9940441	3	em_common_peak-6162	0.673447	1977	1989
1263	chrX	9946678	9947026	NA	em_common_peak-6163	1343	chrX	10638664	10639047	2	em_common_peak-6243	0.876227	1990	2128
1263	chrX	9946678	9947026	NA	em_common_peak-6163	1344	chrX	10639420	10639780	2	em_common_peak-6244	0.876227	1990	2128
1269	chrX	10028433	10028925	NA	em_common_peak-6169	1273	chrX	10044939	10045404	2	em_common_peak-6173	2.810652	2006	2009
1269	chrX	10028433	10028925	NA	em_common_peak-6169	1272	chrX	10039905	10040190	3	em_common_peak-6172	2.810652	2006	2009
1270	chrX	10028995	10029367	NA	em_common_peak-6170	1273	chrX	10044939	10045404	2	em_common_peak-6173	2.810652	2006	2009
1270	chrX	10028995	10029367	NA	em_common_peak-6170	1272	chrX	10039905	10040190	3	em_common_peak-6172	2.810652	2006	2009
1271	chrX	10029814	10030074	NA	em_common_peak-6171	1273	chrX	10044939	10045404	2	em_common_peak-6173	2.810652	2006	2009
1271	chrX	10029814	10030074	NA	em_common_peak-6171	1272	chrX	10039905	10040190	3	em_common_peak-6172	2.810652	2006	2009
1299	chrX	10222577	10222887	NA	em_common_peak-6199	1454	chrX	11731579	11731955	2	em_common_peak-6354	0.033337	2045	2347
1335	chrX	10585649	10586052	NA	em_common_peak-6235	1336	chrX	10592789	10593079	2	em_common_peak-6236	0.509865	2118	2119
1335	chrX	10585649	10586052	NA	em_common_peak-6235	1378	chrX	10959636	10960027	3	em_common_peak-6278	0.025124	2118	2193
1337	chrX	10601505	10601828	NA	em_common_peak-6237	1345	chrX	10653235	10653542	2	em_common_peak-6245	1.121117	2121	2131
1337	chrX	10601505	10601828	NA	em_common_peak-6237	1346	chrX	10653917	10654195	2	em_common_peak-6246	1.121117	2121	2131
1338	chrX	10604734	10605048	NA	em_common_peak-6238	1345	chrX	10653235	10653542	2	em_common_peak-6245	1.121117	2121	2131
1338	chrX	10604734	10605048	NA	em_common_peak-6238	1346	chrX	10653917	10654195	2	em_common_peak-6246	1.121117	2121	2131
1347	chrX	10686345	10686801	NA	em_common_peak-6247	1352	chrX	10711149	10711665	2	em_common_peak-6252	1.958259	2138	2143
1347	chrX	10686345	10686801	NA	em_common_peak-6247	1353	chrX	10712468	10712957	2	em_common_peak-6253	1.958259	2138	2143
1347	chrX	10686345	10686801	NA	em_common_peak-6247	1354	chrX	10713056	10713484	2	em_common_peak-6254	1.958259	2138	2143
1355	chrX	10721723	10722288	NA	em_common_peak-6255	2005	chrX	16691430	16691684	2	em_common_peak-6905	0.650476	2145	3339
1356	chrX	10723564	10724061	NA	em_common_peak-6256	2005	chrX	16691430	16691684	2	em_common_peak-6905	0.650476	2145	3339
1375	chrX	10930239	10930686	NA	em_common_peak-6275	1891	chrX	15506282	15506744	2	em_common_peak-6791	2.487681	2186	3102
1374	chrX	10925859	10926291	NA	em_common_peak-6274	1891	chrX	15506282	15506744	2	em_common_peak-6791	2.487681	2186	3102
1378	chrX	10959636	10960027	NA	em_common_peak-6278	1378	chrX	10959636	10960027	3	em_common_peak-6278	0.027246	2192	2193
1380	chrX	10999930	11000225	NA	em_common_peak-6280	1381	chrX	11005038	11005286	1	em_common_peak-6281	0.004413	2200	2201
1380	chrX	10999930	11000225	NA	em_common_peak-6280	1380	chrX	10999930	11000225	3	em_common_peak-6280	0.004413	2200	2201
1380	chrX	10999930	11000225	NA	em_common_peak-6280	1381	chrX	11005038	11005286	2	em_common_peak-6281	0.014114	2200	2202
1381	chrX	11005038	11005286	NA	em_common_peak-6281	1381	chrX	11005038	11005286	2	em_common_peak-6281	0.000113	2201	2202
1380	chrX	10999930	11000225	NA	em_common_peak-6280	1381	chrX	11005038	11005286	2	em_common_peak-6281	0.000113	2201	2202
1388	chrX	11120484	11120984	NA	em_common_peak-6288	2094	chrX	17765045	17765464	2	em_common_peak-6994	6.9766	2224	3554
1387	chrX	11116265	11116610	NA	em_common_peak-6287	2094	chrX	17765045	17765464	2	em_common_peak-6994	6.9766	2224	3554
1404	chrX	11215147	11215540	NA	em_common_peak-6304	2294	chrX	19745043	19745536	2	em_common_peak-7194	0.242946	2244	3950
1427	chrX	11440234	11440612	NA	em_common_peak-6327	1427	chrX	11440234	11440612	2	em_common_peak-6327	0.824317	2288	2289
1427	chrX	11440234	11440612	NA	em_common_peak-6327	1428	chrX	11441909	11442321	2	em_common_peak-6328	0.824317	2288	2289
1427	chrX	11440234	11440612	NA	em_common_peak-6327	1426	chrX	11438706	11439556	4	em_common_peak-6326	0.824317	2288	2289
1426	chrX	11438706	11439556	NA	em_common_peak-6326	1427	chrX	11440234	11440612	2	em_common_peak-6327	0.824317	2288	2289
1426	chrX	11438706	11439556	NA	em_common_peak-6326	1428	chrX	11441909	11442321	2	em_common_peak-6328	0.824317	2288	2289
1426	chrX	11438706	11439556	NA	em_common_peak-6326	1426	chrX	11438706	11439556	4	em_common_peak-6326	0.824317	2288	2289
1430	chrX	11515887	11516280	NA	em_common_peak-6330	1444	chrX	11661888	11662246	2	em_common_peak-6344	2.344602	2304	2333
1431	chrX	11516725	11517092	NA	em_common_peak-6331	1444	chrX	11661888	11662246	2	em_common_peak-6344	2.344602	2304	2333
1437	chrX	11585487	11585862	NA	em_common_peak-6337	1980	chrX	16456270	16456640	2	em_common_peak-6880	1.038839	2318	3292
1437	chrX	11585487	11585862	NA	em_common_peak-6337	1981	chrX	16459018	16459521	2	em_common_peak-6881	1.038839	2318	3292
1437	chrX	11585487	11585862	NA	em_common_peak-6337	1979	chrX	16454717	16454920	4	em_common_peak-6879	1.038839	2318	3292
1443	chrX	11655837	11656384	NA	em_common_peak-6343	1444	chrX	11661888	11662246	2	em_common_peak-6344	0.404318	2332	2333
1442	chrX	11654645	11654947	NA	em_common_peak-6342	1444	chrX	11661888	11662246	2	em_common_peak-6344	0.404318	2332	2333
1447	chrX	11672260	11672680	NA	em_common_peak-6347	1448	chrX	11678261	11678508	2	em_common_peak-6348	1.293004	2335	2336
1447	chrX	11672260	11672680	NA	em_common_peak-6347	1449	chrX	11678974	11679450	2	em_common_peak-6349	1.293004	2335	2336
1446	chrX	11669153	11669509	NA	em_common_peak-6346	1448	chrX	11678261	11678508	2	em_common_peak-6348	1.293004	2335	2336
1446	chrX	11669153	11669509	NA	em_common_peak-6346	1449	chrX	11678974	11679450	2	em_common_peak-6349	1.293004	2335	2336
1463	chrX	11892462	11892785	NA	em_common_peak-6363	2101	chrX	17835382	17835677	2	em_common_peak-7001	5.237475	2379	3568
1463	chrX	11892462	11892785	NA	em_common_peak-6363	2102	chrX	17837235	17837501	2	em_common_peak-7002	5.237475	2379	3568
1466	chrX	11929665	11929983	NA	em_common_peak-6366	1472	chrX	11982699	11983103	2	em_common_peak-6372	5.554742	2386	2397
1467	chrX	11944382	11944834	NA	em_common_peak-6367	1468	chrX	11946354	11946864	2	em_common_peak-6368	0.177431	2389	2390
1467	chrX	11944382	11944834	NA	em_common_peak-6367	1467	chrX	11944382	11944834	4	em_common_peak-6367	0.177431	2389	2390
1468	chrX	11946354	11946864	NA	em_common_peak-6368	1753	chrX	14105156	14105575	2	em_common_peak-6653	8.197454	2390	2822
1468	chrX	11946354	11946864	NA	em_common_peak-6368	1754	chrX	14107923	14108281	2	em_common_peak-6654	8.197454	2390	2822
1467	chrX	11944382	11944834	NA	em_common_peak-6367	1753	chrX	14105156	14105575	2	em_common_peak-6653	8.197454	2390	2822
1467	chrX	11944382	11944834	NA	em_common_peak-6367	1754	chrX	14107923	14108281	2	em_common_peak-6654	8.197454	2390	2822
1476	chrX	12020600	12021200	NA	em_common_peak-6376	1485	chrX	12067594	12067918	2	em_common_peak-6385	8.785172	2405	2414
1493	chrX	12120059	12120528	NA	em_common_peak-6393	1510	chrX	12206514	12206909	2	em_common_peak-6410	1.614007	2424	2442
1493	chrX	12120059	12120528	NA	em_common_peak-6393	1511	chrX	12209447	12209912	2	em_common_peak-6411	1.614007	2424	2442
1492	chrX	12118246	12118687	NA	em_common_peak-6392	1510	chrX	12206514	12206909	2	em_common_peak-6410	1.614007	2424	2442
1492	chrX	12118246	12118687	NA	em_common_peak-6392	1511	chrX	12209447	12209912	2	em_common_peak-6411	1.614007	2424	2442
1514	chrX	12230308	12230564	NA	em_common_peak-6414	1514	chrX	12230308	12230564	2	em_common_peak-6414	0.157463	2446	2447
1513	chrX	12226268	12226678	NA	em_common_peak-6413	1514	chrX	12230308	12230564	2	em_common_peak-6414	0.157463	2446	2447
1515	chrX	12239535	12239784	NA	em_common_peak-6415	1682	chrX	13713918	13714540	2	em_common_peak-6582	3.866569	2448	2743
1515	chrX	12239535	12239784	NA	em_common_peak-6415	1681	chrX	13709934	13710249	3	em_common_peak-6581	3.866569	2448	2743
1515	chrX	12239535	12239784	NA	em_common_peak-6415	1680	chrX	13709163	13709576	4	em_common_peak-6580	3.866569	2448	2743
1516	chrX	12256220	12256602	NA	em_common_peak-6416	1589	chrX	12808801	12809290	2	em_common_peak-6489	7.863768	2452	2562
1525	chrX	12347938	12348283	NA	em_common_peak-6425	2352	chrX	20619781	20620202	3	em_common_peak-7252	0.066189	2470	4125
1535	chrX	12425873	12426255	NA	em_common_peak-6435	1537	chrX	12433018	12433344	2	em_common_peak-6437	7.364975	2486	2487
1536	chrX	12428933	12429137	NA	em_common_peak-6436	1537	chrX	12433018	12433344	2	em_common_peak-6437	7.364975	2486	2487
1537	chrX	12433018	12433344	NA	em_common_peak-6437	2015	chrX	16825867	16826205	2	em_common_peak-6915	0.152568	2487	3366
1573	chrX	12678222	12678585	NA	em_common_peak-6473	1997	chrX	16635390	16635710	2	em_common_peak-6897	5.173959	2536	3328
1598	chrX	12972303	12972588	NA	em_common_peak-6498	2407	chrX	21320134	21320443	1	em_common_peak-7307	0.78585	2595	4264
1598	chrX	12972303	12972588	NA	em_common_peak-6498	2406	chrX	21319278	21319807	2	em_common_peak-7306	0.78585	2595	4264
1613	chrX	13137806	13138440	NA	em_common_peak-6513	1614	chrX	13142562	13142937	2	em_common_peak-6514	6.086671	2628	2629
1613	chrX	13137806	13138440	NA	em_common_peak-6513	1615	chrX	13144856	13145412	2	em_common_peak-6515	6.086671	2628	2629
1618	chrX	13191827	13192239	NA	em_common_peak-6518	1619	chrX	13199436	13199799	2	em_common_peak-6519	1.121388	2639	2640
1625	chrX	13222165	13222638	NA	em_common_peak-6525	1637	chrX	13319846	13320330	2	em_common_peak-6537	1.718256	2645	2664
1625	chrX	13222165	13222638	NA	em_common_peak-6525	1826	chrX	14657537	14657805	2	em_common_peak-6726	2.635106	2645	2932
1626	chrX	13234446	13234784	NA	em_common_peak-6526	1634	chrX	13283581	13284021	2	em_common_peak-6534	2.933008	2647	2657
1631	chrX	13250747	13251144	NA	em_common_peak-6531	1917	chrX	15810264	15810450	2	em_common_peak-6817	8.073221	2651	3163
1631	chrX	13250747	13251144	NA	em_common_peak-6531	1918	chrX	15813881	15814227	2	em_common_peak-6818	8.073221	2651	3163
1632	chrX	13251384	13251786	NA	em_common_peak-6532	1917	chrX	15810264	15810450	2	em_common_peak-6817	8.073221	2651	3163
1632	chrX	13251384	13251786	NA	em_common_peak-6532	1918	chrX	15813881	15814227	2	em_common_peak-6818	8.073221	2651	3163
1635	chrX	13295750	13296116	NA	em_common_peak-6535	2036	chrX	17119774	17120375	2	em_common_peak-6936	2.120426	2660	3424
1636	chrX	13299618	13299823	NA	em_common_peak-6536	2036	chrX	17119774	17120375	2	em_common_peak-6936	2.120426	2660	3424
1637	chrX	13319846	13320330	NA	em_common_peak-6537	1666	chrX	13495750	13496482	2	em_common_peak-6566	0.45348	2664	2700
1637	chrX	13319846	13320330	NA	em_common_peak-6537	1667	chrX	13497528	13498048	2	em_common_peak-6567	0.45348	2664	2700
1668	chrX	13522833	13523022	NA	em_common_peak-6568	1670	chrX	13530771	13531324	2	em_common_peak-6570	4.787841	2705	2707
1669	chrX	13523205	13523632	NA	em_common_peak-6569	1670	chrX	13530771	13531324	2	em_common_peak-6570	4.787841	2705	2707
1670	chrX	13530771	13531324	NA	em_common_peak-6570	1991	chrX	16599706	16600231	2	em_common_peak-6891	0.029488	2707	3320
1700	chrX	13810675	13811155	NA	em_common_peak-6600	1702	chrX	13816454	13816824	2	em_common_peak-6602	6.408904	2763	2764
1701	chrX	13813803	13814185	NA	em_common_peak-6601	1702	chrX	13816454	13816824	2	em_common_peak-6602	6.408904	2763	2764
1699	chrX	13809299	13809617	NA	em_common_peak-6599	1702	chrX	13816454	13816824	2	em_common_peak-6602	6.408904	2763	2764
1739	chrX	14035245	14035558	NA	em_common_peak-6639	1803	chrX	14472453	14472761	2	em_common_peak-6703	1.897295	2808	2895
1740	chrX	14037928	14038354	NA	em_common_peak-6640	1803	chrX	14472453	14472761	2	em_common_peak-6703	1.897295	2808	2895
1741	chrX	14039467	14039796	NA	em_common_peak-6641	1803	chrX	14472453	14472761	2	em_common_peak-6703	1.897295	2808	2895
1738	chrX	14034310	14034681	NA	em_common_peak-6638	1803	chrX	14472453	14472761	2	em_common_peak-6703	1.897295	2808	2895
1742	chrX	14042586	14042851	NA	em_common_peak-6642	1747	chrX	14067655	14068186	2	em_common_peak-6647	0.859546	2809	2814
1742	chrX	14042586	14042851	NA	em_common_peak-6642	1748	chrX	14068728	14069218	2	em_common_peak-6648	0.859546	2809	2814
1742	chrX	14042586	14042851	NA	em_common_peak-6642	1749	chrX	14069386	14069853	2	em_common_peak-6649	0.859546	2809	2814
1741	chrX	14039467	14039796	NA	em_common_peak-6641	1747	chrX	14067655	14068186	2	em_common_peak-6647	0.859546	2809	2814
1741	chrX	14039467	14039796	NA	em_common_peak-6641	1748	chrX	14068728	14069218	2	em_common_peak-6648	0.859546	2809	2814
1741	chrX	14039467	14039796	NA	em_common_peak-6641	1749	chrX	14069386	14069853	2	em_common_peak-6649	0.859546	2809	2814
1747	chrX	14067655	14068186	NA	em_common_peak-6647	1800	chrX	14420937	14421341	2	em_common_peak-6700	2.412278	2814	2885
1748	chrX	14068728	14069218	NA	em_common_peak-6648	1800	chrX	14420937	14421341	2	em_common_peak-6700	2.412278	2814	2885
1749	chrX	14069386	14069853	NA	em_common_peak-6649	1800	chrX	14420937	14421341	2	em_common_peak-6700	2.412278	2814	2885
1777	chrX	14264299	14264776	NA	em_common_peak-6677	1778	chrX	14266336	14266916	2	em_common_peak-6678	1.257057	2853	2854
1777	chrX	14264299	14264776	NA	em_common_peak-6677	1779	chrX	14267747	14268107	2	em_common_peak-6679	1.257057	2853	2854
1777	chrX	14264299	14264776	NA	em_common_peak-6677	1777	chrX	14264299	14264776	4	em_common_peak-6677	1.257057	2853	2854
1776	chrX	14259060	14259502	NA	em_common_peak-6676	1778	chrX	14266336	14266916	2	em_common_peak-6678	1.257057	2853	2854
1776	chrX	14259060	14259502	NA	em_common_peak-6676	1779	chrX	14267747	14268107	2	em_common_peak-6679	1.257057	2853	2854
1776	chrX	14259060	14259502	NA	em_common_peak-6676	1777	chrX	14264299	14264776	4	em_common_peak-6677	1.257057	2853	2854
1796	chrX	14375019	14375410	NA	em_common_peak-6696	1807	chrX	14518280	14518782	2	em_common_peak-6707	3.138148	2876	2904
1810	chrX	14541621	14541966	NA	em_common_peak-6710	1824	chrX	14643128	14643505	2	em_common_peak-6724	1.744711	2909	2929
1810	chrX	14541621	14541966	NA	em_common_peak-6710	1825	chrX	14644933	14645264	2	em_common_peak-6725	1.744711	2909	2929
1810	chrX	14541621	14541966	NA	em_common_peak-6710	1823	chrX	14639365	14639647	4	em_common_peak-6723	1.744711	2909	2929
1823	chrX	14639365	14639647	NA	em_common_peak-6723	1824	chrX	14643128	14643505	2	em_common_peak-6724	1.934531	2928	2929
1823	chrX	14639365	14639647	NA	em_common_peak-6723	1825	chrX	14644933	14645264	2	em_common_peak-6725	1.934531	2928	2929
1823	chrX	14639365	14639647	NA	em_common_peak-6723	1823	chrX	14639365	14639647	4	em_common_peak-6723	1.934531	2928	2929
1828	chrX	14672026	14672375	NA	em_common_peak-6728	1829	chrX	14680180	14680581	2	em_common_peak-6729	0.576499	2935	2937
1828	chrX	14672026	14672375	NA	em_common_peak-6728	1830	chrX	14681632	14681837	2	em_common_peak-6730	0.576499	2935	2937
1848	chrX	15030665	15031175	NA	em_common_peak-6748	1850	chrX	15037470	15037734	2	em_common_peak-6750	0.727158	3007	3008
1849	chrX	15033140	15033482	NA	em_common_peak-6749	1850	chrX	15037470	15037734	2	em_common_peak-6750	0.727158	3007	3008
1856	chrX	15067968	15068229	NA	em_common_peak-6756	1863	chrX	15157567	15157874	2	em_common_peak-6763	1.196551	3014	3032
1860	chrX	15119987	15120320	NA	em_common_peak-6760	1864	chrX	15169861	15170323	2	em_common_peak-6764	7.091569	3024	3034
1860	chrX	15119987	15120320	NA	em_common_peak-6760	1865	chrX	15173509	15173883	2	em_common_peak-6765	1.021668	3024	3035
1860	chrX	15119987	15120320	NA	em_common_peak-6760	1864	chrX	15169861	15170323	3	em_common_peak-6764	1.021668	3024	3035
1884	chrX	15385938	15386377	NA	em_common_peak-6784	1885	chrX	15393195	15393663	2	em_common_peak-6785	0.032327	3078	3079
1887	chrX	15472226	15472570	NA	em_common_peak-6787	1972	chrX	16371583	16371998	2	em_common_peak-6872	1.180985	3095	3275
1888	chrX	15492597	15492928	NA	em_common_peak-6788	1889	chrX	15497761	15498097	2	em_common_peak-6789	0.932554	3099	3100
1888	chrX	15492597	15492928	NA	em_common_peak-6788	1991	chrX	16599706	16600231	3	em_common_peak-6891	0.608641	3099	3321
1899	chrX	15533902	15534234	NA	em_common_peak-6799	1901	chrX	15536239	15536712	2	em_common_peak-6801	0.901136	3107	3108
1899	chrX	15533902	15534234	NA	em_common_peak-6799	1902	chrX	15537577	15537838	2	em_common_peak-6802	0.901136	3107	3108
1899	chrX	15533902	15534234	NA	em_common_peak-6799	1903	chrX	15539533	15540100	2	em_common_peak-6803	0.901136	3107	3108
1899	chrX	15533902	15534234	NA	em_common_peak-6799	1900	chrX	15534456	15534732	4	em_common_peak-6800	0.901136	3107	3108
1900	chrX	15534456	15534732	NA	em_common_peak-6800	1901	chrX	15536239	15536712	2	em_common_peak-6801	0.901136	3107	3108
1900	chrX	15534456	15534732	NA	em_common_peak-6800	1902	chrX	15537577	15537838	2	em_common_peak-6802	0.901136	3107	3108
1900	chrX	15534456	15534732	NA	em_common_peak-6800	1903	chrX	15539533	15540100	2	em_common_peak-6803	0.901136	3107	3108
1900	chrX	15534456	15534732	NA	em_common_peak-6800	1900	chrX	15534456	15534732	4	em_common_peak-6800	0.901136	3107	3108
1914	chrX	15757127	15757466	NA	em_common_peak-6814	1916	chrX	15779981	15780324	3	em_common_peak-6816	0.00512	3152	3157
1915	chrX	15757705	15758106	NA	em_common_peak-6815	1916	chrX	15779981	15780324	3	em_common_peak-6816	0.00512	3152	3157
1924	chrX	15865540	15866022	NA	em_common_peak-6824	1925	chrX	15871340	15871697	2	em_common_peak-6825	0.061823	3174	3175
1940	chrX	16035079	16035375	NA	em_common_peak-6840	1956	chrX	16129356	16130101	3	em_common_peak-6856	4.076685	3208	3227
1939	chrX	16034194	16034588	NA	em_common_peak-6839	1956	chrX	16129356	16130101	3	em_common_peak-6856	4.076685	3208	3227
1952	chrX	16097568	16097877	NA	em_common_peak-6852	1953	chrX	16104992	16105323	2	em_common_peak-6853	0.851817	3220	3221
1952	chrX	16097568	16097877	NA	em_common_peak-6852	1958	chrX	16144903	16145526	3	em_common_peak-6858	6.968089	3220	3230
1953	chrX	16104992	16105323	NA	em_common_peak-6853	2398	chrX	21269600	21269870	2	em_common_peak-7298	0.472146	3221	4254
1962	chrX	16260767	16261039	NA	em_common_peak-6862	1973	chrX	16394595	16394890	2	em_common_peak-6873	1.388707	3253	3279
1962	chrX	16260767	16261039	NA	em_common_peak-6862	2282	chrX	19667713	19668127	2	em_common_peak-7182	0.01083	3253	3934
1962	chrX	16260767	16261039	NA	em_common_peak-6862	2281	chrX	19664715	19665553	3	em_common_peak-7181	0.01083	3253	3934
1974	chrX	16412136	16412352	NA	em_common_peak-6874	1977	chrX	16425489	16425849	2	em_common_peak-6877	1.282996	3283	3286
1974	chrX	16412136	16412352	NA	em_common_peak-6874	1978	chrX	16426751	16427208	2	em_common_peak-6878	1.282996	3283	3286
1975	chrX	16417408	16417868	NA	em_common_peak-6875	2246	chrX	19275338	19275702	1	em_common_peak-7146	5.904864	3284	3855
1975	chrX	16417408	16417868	NA	em_common_peak-6875	2245	chrX	19273715	19274049	2	em_common_peak-7145	5.904864	3284	3855
1991	chrX	16599706	16600231	NA	em_common_peak-6891	2184	chrX	18727047	18727347	2	em_common_peak-7084	0.069345	3321	3746
2012	chrX	16784835	16785159	NA	em_common_peak-6912	2037	chrX	17124339	17124860	2	em_common_peak-6937	1.142149	3357	3425
2012	chrX	16784835	16785159	NA	em_common_peak-6912	2036	chrX	17119774	17120375	3	em_common_peak-6936	1.142149	3357	3425
2021	chrX	16905245	16905517	NA	em_common_peak-6921	2185	chrX	18796107	18796502	2	em_common_peak-7085	1.253933	3382	3760
2034	chrX	17081910	17082171	NA	em_common_peak-6934	2050	chrX	17339604	17339991	2	em_common_peak-6950	1.915774	3417	3468
2036	chrX	17119774	17120375	NA	em_common_peak-6936	2037	chrX	17124339	17124860	2	em_common_peak-6937	1.571723	3424	3425
2036	chrX	17119774	17120375	NA	em_common_peak-6936	2036	chrX	17119774	17120375	3	em_common_peak-6936	1.571723	3424	3425
2039	chrX	17152741	17153086	NA	em_common_peak-6939	2040	chrX	17174245	17174734	2	em_common_peak-6940	2.807252	3431	3435
2045	chrX	17277015	17277460	NA	em_common_peak-6945	2046	chrX	17280504	17280743	2	em_common_peak-6946	2.737342	3456	3457
2045	chrX	17277015	17277460	NA	em_common_peak-6945	2047	chrX	17284674	17285085	2	em_common_peak-6947	2.737342	3456	3457
2066	chrX	17420059	17420521	NA	em_common_peak-6966	2066	chrX	17420059	17420521	2	em_common_peak-6966	1.351428	3484	3485
2064	chrX	17415898	17416339	NA	em_common_peak-6964	2066	chrX	17420059	17420521	2	em_common_peak-6966	1.351428	3484	3485
2065	chrX	17416588	17416923	NA	em_common_peak-6965	2066	chrX	17420059	17420521	2	em_common_peak-6966	1.351428	3484	3485
2068	chrX	17445046	17445394	NA	em_common_peak-6968	2069	chrX	17450289	17450737	1	em_common_peak-6969	3.069739	3489	3490
2068	chrX	17445046	17445394	NA	em_common_peak-6968	2068	chrX	17445046	17445394	2	em_common_peak-6968	3.069739	3489	3490
2067	chrX	17440005	17440565	NA	em_common_peak-6967	2069	chrX	17450289	17450737	1	em_common_peak-6969	3.069739	3489	3490
2067	chrX	17440005	17440565	NA	em_common_peak-6967	2068	chrX	17445046	17445394	2	em_common_peak-6968	3.069739	3489	3490
2069	chrX	17450289	17450737	NA	em_common_peak-6969	2069	chrX	17450289	17450737	2	em_common_peak-6969	2.738217	3490	3491
2068	chrX	17445046	17445394	NA	em_common_peak-6968	2069	chrX	17450289	17450737	2	em_common_peak-6969	2.738217	3490	3491
2070	chrX	17460654	17460944	NA	em_common_peak-6970	2163	chrX	18454184	18454570	2	em_common_peak-7063	1.316016	3493	3691
2073	chrX	17554656	17555037	NA	em_common_peak-6973	2074	chrX	17560090	17560548	1	em_common_peak-6974	0.003652	3511	3512
2073	chrX	17554656	17555037	NA	em_common_peak-6973	2073	chrX	17554656	17555037	3	em_common_peak-6973	0.003652	3511	3512
2074	chrX	17560090	17560548	NA	em_common_peak-6974	2074	chrX	17560090	17560548	2	em_common_peak-6974	0.000814	3512	3513
2073	chrX	17554656	17555037	NA	em_common_peak-6973	2074	chrX	17560090	17560548	2	em_common_peak-6974	0.000814	3512	3513
2099	chrX	17828906	17829252	NA	em_common_peak-6999	2101	chrX	17835382	17835677	1	em_common_peak-7001	5.330656	3566	3567
2099	chrX	17828906	17829252	NA	em_common_peak-6999	2100	chrX	17831755	17832125	2	em_common_peak-7000	5.330656	3566	3567
2098	chrX	17824450	17824695	NA	em_common_peak-6998	2101	chrX	17835382	17835677	1	em_common_peak-7001	5.330656	3566	3567
2098	chrX	17824450	17824695	NA	em_common_peak-6998	2100	chrX	17831755	17832125	2	em_common_peak-7000	5.330656	3566	3567
2104	chrX	17857872	17858429	NA	em_common_peak-7004	2105	chrX	17863988	17864306	2	em_common_peak-7005	4.176223	3572	3573
2110	chrX	17888621	17889250	NA	em_common_peak-7010	2118	chrX	17955358	17955745	2	em_common_peak-7018	9.763817	3578	3592
2110	chrX	17888621	17889250	NA	em_common_peak-7010	2119	chrX	17958593	17958837	2	em_common_peak-7019	9.763817	3578	3592
2111	chrX	17889549	17890057	NA	em_common_peak-7011	2118	chrX	17955358	17955745	2	em_common_peak-7018	9.763817	3578	3592
2111	chrX	17889549	17890057	NA	em_common_peak-7011	2119	chrX	17958593	17958837	2	em_common_peak-7019	9.763817	3578	3592
2118	chrX	17955358	17955745	NA	em_common_peak-7018	2282	chrX	19667713	19668127	2	em_common_peak-7182	0.010682	3591	3934
2118	chrX	17955358	17955745	NA	em_common_peak-7018	2281	chrX	19664715	19665553	3	em_common_peak-7181	0.010682	3591	3934
2117	chrX	17950415	17950683	NA	em_common_peak-7017	2282	chrX	19667713	19668127	2	em_common_peak-7182	0.010682	3591	3934
2117	chrX	17950415	17950683	NA	em_common_peak-7017	2281	chrX	19664715	19665553	3	em_common_peak-7181	0.010682	3591	3934
2127	chrX	18071622	18072001	NA	em_common_peak-7027	2407	chrX	21320134	21320443	1	em_common_peak-7307	2.068455	3615	4264
2127	chrX	18071622	18072001	NA	em_common_peak-7027	2406	chrX	21319278	21319807	2	em_common_peak-7306	2.068455	3615	4264
2137	chrX	18186705	18187042	NA	em_common_peak-7037	2138	chrX	18190863	18191189	2	em_common_peak-7038	8.083847	3638	3639
2154	chrX	18370860	18371120	NA	em_common_peak-7054	2155	chrX	18377498	18377892	2	em_common_peak-7055	0.05849	3675	3676
2153	chrX	18369599	18369918	NA	em_common_peak-7053	2155	chrX	18377498	18377892	2	em_common_peak-7055	0.05849	3675	3676
2160	chrX	18445675	18445965	NA	em_common_peak-7060	2163	chrX	18454184	18454570	2	em_common_peak-7063	2.868406	3690	3691
2161	chrX	18446575	18447112	NA	em_common_peak-7061	2163	chrX	18454184	18454570	2	em_common_peak-7063	2.868406	3690	3691
2162	chrX	18448768	18449062	NA	em_common_peak-7062	2163	chrX	18454184	18454570	2	em_common_peak-7063	2.868406	3690	3691
2164	chrX	18481281	18481603	NA	em_common_peak-7064	2165	chrX	18490636	18490925	2	em_common_peak-7065	2.242836	3697	3699
2166	chrX	18499803	18500215	NA	em_common_peak-7066	2166	chrX	18499803	18500215	3	em_common_peak-7066	1.573663	3700	3701
2170	chrX	18538527	18538848	NA	em_common_peak-7070	2171	chrX	18540975	18541393	2	em_common_peak-7071	0.061196	3708	3709
2174	chrX	18586425	18586851	NA	em_common_peak-7074	2176	chrX	18592037	18592421	2	em_common_peak-7076	4.410615	3718	3719
2174	chrX	18586425	18586851	NA	em_common_peak-7074	2175	chrX	18589613	18589928	4	em_common_peak-7075	4.410615	3718	3719
2174	chrX	18586425	18586851	NA	em_common_peak-7074	2387	chrX	21084773	21085348	2	em_common_peak-7287	0.862079	3718	4217
2174	chrX	18586425	18586851	NA	em_common_peak-7074	2407	chrX	21320134	21320443	2	em_common_peak-7307	1.099593	3718	4265
2174	chrX	18586425	18586851	NA	em_common_peak-7074	2406	chrX	21319278	21319807	4	em_common_peak-7306	1.099593	3718	4265
2175	chrX	18589613	18589928	NA	em_common_peak-7075	2176	chrX	18592037	18592421	2	em_common_peak-7076	4.410615	3718	3719
2175	chrX	18589613	18589928	NA	em_common_peak-7075	2175	chrX	18589613	18589928	4	em_common_peak-7075	4.410615	3718	3719
2175	chrX	18589613	18589928	NA	em_common_peak-7075	2387	chrX	21084773	21085348	2	em_common_peak-7287	0.862079	3718	4217
2175	chrX	18589613	18589928	NA	em_common_peak-7075	2407	chrX	21320134	21320443	2	em_common_peak-7307	1.099593	3718	4265
2175	chrX	18589613	18589928	NA	em_common_peak-7075	2406	chrX	21319278	21319807	4	em_common_peak-7306	1.099593	3718	4265
2185	chrX	18796107	18796502	NA	em_common_peak-7085	2189	chrX	18827491	18827918	2	em_common_peak-7089	1.703969	3760	3766
2185	chrX	18796107	18796502	NA	em_common_peak-7085	2190	chrX	18829032	18829572	2	em_common_peak-7090	1.703969	3760	3766
2185	chrX	18796107	18796502	NA	em_common_peak-7085	2188	chrX	18824334	18824753	4	em_common_peak-7088	1.703969	3760	3766
2200	chrX	18884768	18885119	NA	em_common_peak-7100	2206	chrX	18902015	18902334	2	em_common_peak-7106	2.661877	3777	3781
2200	chrX	18884768	18885119	NA	em_common_peak-7100	2207	chrX	18902718	18903061	2	em_common_peak-7107	2.661877	3777	3781
2203	chrX	18895776	18896143	NA	em_common_peak-7103	2206	chrX	18902015	18902334	2	em_common_peak-7106	2.409402	3780	3781
2203	chrX	18895776	18896143	NA	em_common_peak-7103	2207	chrX	18902718	18903061	2	em_common_peak-7107	2.409402	3780	3781
2204	chrX	18897254	18897780	NA	em_common_peak-7104	2206	chrX	18902015	18902334	2	em_common_peak-7106	2.409402	3780	3781
2204	chrX	18897254	18897780	NA	em_common_peak-7104	2207	chrX	18902718	18903061	2	em_common_peak-7107	2.409402	3780	3781
2205	chrX	18898023	18898494	NA	em_common_peak-7105	2206	chrX	18902015	18902334	2	em_common_peak-7106	2.409402	3780	3781
2205	chrX	18898023	18898494	NA	em_common_peak-7105	2207	chrX	18902718	18903061	2	em_common_peak-7107	2.409402	3780	3781
2227	chrX	19054248	19054600	NA	em_common_peak-7127	2235	chrX	19201960	19202389	2	em_common_peak-7135	1.171411	3811	3841
2231	chrX	19186526	19187014	NA	em_common_peak-7131	2269	chrX	19511637	19512019	2	em_common_peak-7169	0.887226	3838	3903
2232	chrX	19187897	19188159	NA	em_common_peak-7132	2269	chrX	19511637	19512019	2	em_common_peak-7169	0.887226	3838	3903
2235	chrX	19201960	19202389	NA	em_common_peak-7135	2246	chrX	19275338	19275702	1	em_common_peak-7146	2.920368	3841	3855
2235	chrX	19201960	19202389	NA	em_common_peak-7135	2245	chrX	19273715	19274049	2	em_common_peak-7145	2.920368	3841	3855
2269	chrX	19511637	19512019	NA	em_common_peak-7169	2270	chrX	19529758	19530335	3	em_common_peak-7170	0.308928	3903	3907
2270	chrX	19529758	19530335	NA	em_common_peak-7170	2424	chrX	21834763	21835107	2	em_common_peak-7324	2.943002	3907	4367
2273	chrX	19590488	19590904	NA	em_common_peak-7173	2311	chrX	20115326	20115738	2	em_common_peak-7211	0.077623	3919	4024
2311	chrX	20115326	20115738	NA	em_common_peak-7211	2311	chrX	20115326	20115738	2	em_common_peak-7211	0.282246	4023	4024
2310	chrX	20114130	20114460	NA	em_common_peak-7210	2311	chrX	20115326	20115738	2	em_common_peak-7211	0.282246	4023	4024
2313	chrX	20154292	20154699	NA	em_common_peak-7213	2319	chrX	20232598	20232971	2	em_common_peak-7219	3.420369	4031	4047
2313	chrX	20154292	20154699	NA	em_common_peak-7213	2320	chrX	20234405	20234885	2	em_common_peak-7220	3.420369	4031	4047
2347	chrX	20515321	20515695	NA	em_common_peak-7247	2425	chrX	21841740	21842060	2	em_common_peak-7325	1.362771	4104	4369
2346	chrX	20514362	20514712	NA	em_common_peak-7246	2425	chrX	21841740	21842060	2	em_common_peak-7325	1.362771	4104	4369
2368	chrX	20787948	20788270	NA	em_common_peak-7268	2369	chrX	20791570	20791957	2	em_common_peak-7269	1.96483	4158	4159
2388	chrX	21085601	21086031	NA	em_common_peak-7288	2393	chrX	21125197	21125435	2	em_common_peak-7293	1.974314	4218	4226
2388	chrX	21085601	21086031	NA	em_common_peak-7288	2394	chrX	21125727	21126104	2	em_common_peak-7294	1.974314	4218	4226
2388	chrX	21085601	21086031	NA	em_common_peak-7288	2392	chrX	21124800	21125044	3	em_common_peak-7292	1.974314	4218	4226
2387	chrX	21084773	21085348	NA	em_common_peak-7287	2393	chrX	21125197	21125435	2	em_common_peak-7293	1.974314	4218	4226
2387	chrX	21084773	21085348	NA	em_common_peak-7287	2394	chrX	21125727	21126104	2	em_common_peak-7294	1.974314	4218	4226
2387	chrX	21084773	21085348	NA	em_common_peak-7287	2392	chrX	21124800	21125044	3	em_common_peak-7292	1.974314	4218	4226
2402	chrX	21292136	21292469	NA	em_common_peak-7302	2407	chrX	21320134	21320443	2	em_common_peak-7307	1.236211	4259	4265
2402	chrX	21292136	21292469	NA	em_common_peak-7302	2406	chrX	21319278	21319807	4	em_common_peak-7306	1.236211	4259	4265
2427	chrX	21870531	21871207	NA	em_common_peak-7327	2429	chrX	21879930	21880453	3	em_common_peak-7329	0.573282	4375	4377
2428	chrX	21877105	21877424	NA	em_common_peak-7328	2429	chrX	21879930	21880453	3	em_common_peak-7329	1.382187	4376	4377
2429	chrX	21879930	21880453	NA	em_common_peak-7329	2429	chrX	21879930	21880453	3	em_common_peak-7329	1.382187	4376	4377
2430	chrX	21891852	21892282	NA	em_common_peak-7330	2451	chrX	22270006	22270193	2	em_common_peak-7351	1.46542	4379	4455
2433	chrX	22004689	22005047	NA	em_common_peak-7333	2433	chrX	22004689	22005047	3	em_common_peak-7333	2.364369	4401	4402
2451	chrX	22270006	22270193	NA	em_common_peak-7351	2451	chrX	22270006	22270193	2	em_common_peak-7351	0.703531	4454	4455
2450	chrX	22267271	22267653	NA	em_common_peak-7350	2451	chrX	22270006	22270193	2	em_common_peak-7351	0.703531	4454	4455
